GAME_NUMBER Max_Score mavg_score mavg_loss var_score mavg_food mavg_poison 
10 4 1.0 0.004349141 6.4 1.3 1.7
20 4 0.4 0.004428073 8.040000000000001 1.7 1.1
30 4 -0.5 0.0040950463 3.25 2.0 0.9
40 4 1.1 0.004362976 6.489999999999999 1.7 1.8
50 4 -0.8 0.004462055 6.56 1.7 1.5
60 4 0.7 0.004350538 18.009999999999998 2.3 1.8
70 4 0.7 0.004935087 9.41 2.0 1.3
80 4 2.5 0.004731411 20.05 1.9 3.0
90 4 0.4 0.0055088378 11.440000000000001 1.6 2.4
100 4 -1.6 0.0056941025 7.840000000000002 2.3 2.1
110 4 -0.3 0.0060150027 10.010000000000002 1.8 1.9
120 5 2.1 0.0062662857 19.690000000000005 2.0 2.5
130 5 1.0 0.006130322 18.2 2.3 2.9
140 5 1.1 0.0067785056 19.89 2.3 3.0
150 5 3.0 0.006570157 13.8 1.5 2.5
160 5 0.3 0.005670402 5.8100000000000005 1.6 1.3
170 5 1.8 0.007103038 12.16 1.0 1.6
180 5 0.1 0.006149927 4.890000000000001 0.9 0.8
190 5 1.0 0.0052476954 9.4 1.6 1.4
200 5 0.8 0.0051415227 12.559999999999999 2.2 2.2
210 5 0.1 0.0041343505 3.6900000000000004 1.2 0.9
220 5 0.1 0.0039830287 12.489999999999998 2.0 2.1
230 5 3.0 0.0051755984 21.0 2.2 2.6
240 6 1.4 0.0060743983 23.64 3.9 2.7
250 9 2.1 0.007224517 40.489999999999995 3.0 1.9
260 9 0.5 0.007200288 1.45 1.7 1.8
270 9 0.8 0.007972643 3.960000000000001 1.0 1.0
280 9 4.3 0.0075200154 39.209999999999994 3.9 4.2
290 9 1.5 0.009820734 14.05 2.3 2.0
300 9 6.5 0.008412733 53.05 4.2 4.3
310 9 4.7 0.007943595 63.010000000000005 3.0 3.9
320 9 1.6 0.011251308 17.040000000000003 3.1 3.3
330 9 4.4 0.0105510745 54.04 2.8 3.4
340 9 6.8 0.012826513 55.75999999999999 4.7 4.5
350 9 4.1 0.01327924 41.49 1.8 3.3
360 9 1.4 0.014196076 50.64000000000001 3.3 2.9
370 9 5.0 0.013758998 96.0 3.8 6.0
380 9 4.8 0.014524775 58.56 4.7 5.7
390 9 5.4 0.016376194 69.24000000000001 3.4 4.4
400 9 3.7 0.01450786 62.61 1.7 4.2
410 9 11.9 0.0188004 72.88999999999999 5.1 9.4
420 9 3.7 0.018581754 27.01 2.9 4.2
430 9 5.9 0.018753162 53.489999999999995 4.0 5.3
440 9 5.7 0.020218294 48.41000000000001 3.2 5.5
450 9 1.2 0.016634768 16.160000000000004 2.0 2.8
460 9 2.3 0.01423467 40.61 2.4 3.1
470 9 10.7 0.017203059 79.81 3.5 8.6
480 9 5.0 0.014080684 64.8 2.8 4.4
490 9 10.2 0.016040908 80.56 4.2 6.4
500 9 12.6 0.018651463 106.24000000000001 4.0 9.2
510 9 4.7 0.020919545 45.41000000000001 3.5 2.8
520 9 9.5 0.01593563 81.85 6.1 7.2
530 9 5.7 0.022422535 54.01000000000001 5.0 4.1
540 9 8.5 0.020838257 56.25 4.8 5.7
550 9 4.0 0.021936368 67.2 3.9 5.9
560 9 9.7 0.026338723 83.21000000000001 4.1 6.8
570 9 5.7 0.022347348 107.61000000000001 4.3 7.6
580 9 12.3 0.026002403 129.60999999999999 5.9 8.2
590 9 9.1 0.02307487 86.49 4.1 9.4
600 9 7.8 0.026404334 48.16 4.2 7.0
610 9 9.1 0.02241314 82.28999999999999 4.6 8.9
620 9 8.2 0.022489632 94.96000000000001 3.1 8.5
630 9 4.2 0.026745345 34.36 2.4 5.8
640 9 10.2 0.02644538 103.96 4.2 8.0
650 9 4.7 0.02506068 50.01 3.6 5.5
660 9 5.3 0.022975234 72.21000000000001 3.0 3.7
670 9 6.1 0.027082946 57.08999999999999 4.5 4.8
680 9 11.7 0.021540992 88.60999999999999 5.3 11.4
690 10 6.6 0.021273147 66.43999999999997 4.5 6.3
700 10 8.8 0.02153643 62.360000000000014 3.9 6.3
710 10 5.1 0.021997506 54.29 3.5 3.6
720 10 8.7 0.0207503 101.21000000000001 4.8 8.7
730 10 8.2 0.027872855 62.760000000000005 4.2 8.0
740 10 10.8 0.022839429 89.96 4.2 8.6
750 10 10.1 0.024796441 56.489999999999995 4.8 10.7
760 10 14.9 0.029398816 138.29000000000002 6.1 10.6
770 10 12.3 0.029091299 141.41000000000003 4.7 9.0
780 10 6.5 0.030287152 89.25 4.7 6.0
790 10 5.2 0.029748682 19.76 4.6 3.8
800 10 3.9 0.02578519 45.09 3.2 4.7
810 10 7.3 0.024632774 81.81 2.9 6.6
820 10 14.3 0.028644746 114.00999999999999 6.3 13.4
830 10 12.8 0.03039711 150.95999999999998 4.6 11.0
840 10 8.1 0.035410836 82.69 4.0 7.3
850 10 14.0 0.024943268 138.2 5.8 10.4
860 10 12.9 0.032030083 81.08999999999999 5.5 13.4
870 10 2.9 0.034840014 26.089999999999996 2.4 3.1
880 10 6.3 0.039904684 84.81 2.8 8.3
890 10 8.0 0.03428039 28.8 6.5 7.3
900 10 10.2 0.027592938 132.56 4.1 8.5
910 10 8.3 0.030660504 135.60999999999999 3.0 5.9
920 10 7.0 0.027592557 86.0 5.1 8.7
930 10 15.5 0.025990557 96.25 4.5 14.8
940 10 12.1 0.035266917 147.49 4.6 10.7
950 10 7.5 0.041354105 88.65 3.6 7.3
960 10 12.9 0.040974304 156.29000000000002 3.9 13.4
970 10 11.6 0.0422324 165.44 3.0 10.6
980 10 11.2 0.036726024 91.96 4.1 10.1
990 10 7.6 0.04947234 56.839999999999996 3.7 6.3
1000 10 5.6 0.0349975 74.64 2.1 6.1
1010 10 11.2 0.028438779 140.35999999999999 3.6 9.6
1020 10 8.2 0.032291654 97.76 3.1 7.7
1030 10 7.9 0.03126503 88.29 4.3 11.2
1040 10 3.8 0.026311211 30.360000000000003 2.0 4.0
1050 10 11.4 0.029787546 108.84 4.7 10.1
1060 10 12.0 0.02849704 79.6 6.4 12.4
1070 10 8.8 0.03395003 43.760000000000005 6.4 6.2
1080 10 10.0 0.03471839 101.2 4.2 9.2
1090 10 13.5 0.035680123 143.45 5.0 10.3
1100 10 18.3 0.034813855 125.81000000000002 5.7 15.4
1110 10 7.5 0.046630986 88.25 3.6 5.5
1120 10 4.6 0.031898707 38.64 1.5 4.9
1130 10 5.9 0.029080944 53.290000000000006 3.8 6.1
1140 10 6.9 0.024475422 92.89000000000001 2.3 5.8
1150 10 11.1 0.032726046 94.28999999999999 4.8 10.9
1160 10 10.8 0.0363631 39.760000000000005 5.4 12.4
1170 10 7.8 0.028463619 66.75999999999999 4.6 6.6
1180 10 11.7 0.03207697 60.010000000000005 5.0 11.1
1190 10 13.0 0.02968319 82.0 5.6 8.8
1200 11 14.8 0.039794806 98.76 5.6 10.6
1210 11 8.6 0.035516694 116.83999999999999 4.7 7.1
1220 11 12.3 0.030162347 99.01000000000002 5.0 11.5
1230 11 6.1 0.035127543 51.29 2.8 6.1
1240 11 9.6 0.036067504 81.44 2.4 9.2
1250 11 9.6 0.039745986 169.83999999999997 3.1 7.5
1260 11 9.2 0.029406521 73.36 4.6 6.6
1270 11 10.8 0.023223747 96.56 4.1 10.5
1280 11 9.8 0.033939764 86.55999999999999 3.0 9.6
1290 11 13.6 0.02934398 114.43999999999998 4.4 14.0
1300 11 14.3 0.03355178 126.21 3.9 12.2
1310 11 12.4 0.03538635 107.04 3.8 10.8
1320 11 12.9 0.037221234 111.69000000000001 5.5 9.8
1330 11 7.2 0.040388368 66.36000000000001 4.1 7.9
1340 11 7.6 0.035324566 85.43999999999998 3.6 9.0
1350 11 8.9 0.04105718 113.09 3.5 5.8
1360 11 14.2 0.03815224 116.96 4.9 12.1
1370 11 4.2 0.034506314 43.96 3.0 5.4
1380 12 10.7 0.03288987 88.00999999999999 7.2 8.9
1390 12 15.1 0.029497871 91.09 5.6 12.3
1400 12 12.6 0.03240101 92.23999999999998 4.1 13.1
1410 12 11.5 0.037759468 122.45 4.3 12.0
1420 12 7.2 0.03578991 97.76000000000002 3.5 7.5
1430 12 4.3 0.04606412 38.809999999999995 3.2 4.1
1440 12 10.5 0.039511967 99.05 4.6 10.7
1450 12 16.5 0.045830116 137.85 6.4 12.3
1460 12 6.4 0.03192103 106.64000000000001 2.4 5.8
1470 12 15.5 0.036019392 95.65 3.7 15.2
1480 12 7.4 0.040818907 103.64000000000001 3.5 5.1
1490 12 11.3 0.030592153 129.60999999999999 2.6 10.1
1500 12 9.3 0.041619945 98.21000000000001 4.7 9.0
1510 12 10.2 0.048370596 76.56 3.2 11.0
1520 12 16.4 0.03456301 76.64000000000001 6.5 14.9
1530 12 14.7 0.03559231 139.81 5.5 12.8
1540 12 10.3 0.042878237 77.41 4.6 9.9
1550 12 13.7 0.04734181 94.60999999999999 5.0 11.9
1560 12 15.5 0.052228246 159.25 4.1 13.6
1570 12 10.2 0.041373827 149.16 4.4 6.2
1580 12 8.8 0.041840106 130.35999999999999 3.0 6.2
1590 12 12.2 0.035262685 65.16 5.3 12.3
1600 12 8.2 0.032945637 46.56 4.4 6.2
1610 12 4.3 0.032039672 49.010000000000005 3.4 3.3
1620 12 10.8 0.031373717 94.16 5.1 7.3
1630 12 8.3 0.026541488 108.00999999999999 3.8 9.5
1640 12 12.8 0.030621039 126.56000000000002 5.3 9.7
1650 12 21.5 0.037199087 72.85 6.9 19.4
1660 12 7.1 0.030347865 63.48999999999999 4.2 3.7
1670 12 10.9 0.0423381 134.29 3.5 9.6
1680 12 8.8 0.038780354 118.76000000000002 2.6 8.0
1690 12 7.6 0.0456081 134.64 3.2 7.2
1700 12 7.3 0.036847364 67.21 4.2 6.7
1710 12 11.5 0.03241993 75.85 4.2 11.7
1720 12 12.9 0.029855112 133.09 5.2 9.5
1730 12 4.8 0.039875343 20.56 3.7 4.1
1740 12 6.8 0.026381606 93.55999999999999 4.1 4.5
1750 12 6.7 0.027789282 56.01000000000001 4.9 9.8
1760 12 10.7 0.029474214 96.60999999999999 3.7 11.6
1770 12 6.7 0.028265588 89.60999999999999 3.6 5.3
1780 15 8.8 0.034547374 76.55999999999999 5.6 4.0
1790 15 12.1 0.036743935 88.89 4.0 13.1
1800 15 11.8 0.036474463 115.96 4.8 10.6
1810 15 6.3 0.038366128 68.21000000000001 5.1 4.6
1820 15 11.1 0.030177867 115.49000000000001 2.5 11.4
1830 15 11.7 0.030213762 86.21000000000001 5.4 11.1
1840 15 15.7 0.04308894 138.61 4.3 16.0
1850 15 10.5 0.042310987 129.25 4.0 10.7
1860 15 9.3 0.04439299 95.41 3.1 9.2
1870 15 8.0 0.038335945 96.4 3.2 6.8
1880 15 11.1 0.039783657 121.68999999999998 3.4 10.9
1890 15 14.9 0.040505696 112.89000000000001 4.8 13.1
1900 15 13.7 0.046091713 121.61000000000001 3.5 11.8
1910 15 15.2 0.044730302 145.35999999999999 4.6 13.6
1920 15 15.1 0.03517867 140.29 5.8 10.7
1930 15 10.9 0.05227875 52.089999999999996 4.7 11.2
1940 15 13.6 0.046851575 148.44 3.9 11.3
1950 15 8.4 0.036790382 75.84 4.5 6.7
1960 15 16.5 0.033417974 63.45 6.3 14.2
1970 15 11.9 0.03521531 91.89000000000001 4.4 13.1
1980 15 14.4 0.03162717 127.84 4.1 12.9
1990 16 9.2 0.05123087 72.56 5.8 5.2
2000 16 8.2 0.04217282 63.96 5.5 6.3
2010 16 12.2 0.040039036 147.35999999999999 2.9 10.5
2020 16 11.1 0.040416535 95.09 4.7 7.6
2030 16 11.4 0.034979895 81.03999999999999 5.5 12.5
2040 16 13.7 0.036970105 104.60999999999999 5.6 12.7
2050 16 9.4 0.042426497 90.84000000000002 5.1 7.9
2060 16 12.4 0.03631571 139.24 5.4 10.0
2070 16 10.5 0.044794586 94.85 4.9 9.8
2080 16 15.0 0.03678229 139.0 6.1 12.1
2090 16 16.5 0.048906926 171.65 4.5 16.0
2100 16 16.5 0.04747163 131.65 3.7 16.4
2110 16 14.9 0.04204399 69.29 5.8 12.7
2120 16 10.3 0.04537054 129.21 4.0 8.3
2130 16 12.2 0.037577637 100.55999999999999 4.0 11.2
2140 16 10.4 0.047490507 146.04000000000002 4.0 7.4
2150 16 8.5 0.04961021 111.25 3.7 8.4
2160 16 7.3 0.034270313 127.00999999999999 2.8 6.3
2170 16 10.1 0.045807112 56.489999999999995 5.4 5.7
2180 16 7.7 0.026162826 65.01000000000002 4.0 7.3
2190 16 10.0 0.030849718 144.0 4.7 7.9
2200 16 11.3 0.0373888 121.41 4.3 12.0
2210 16 14.1 0.034044992 96.28999999999999 6.1 11.8
2220 16 13.0 0.035566643 69.0 6.1 9.3
2230 16 9.6 0.03720075 135.44 5.0 7.8
2240 16 2.9 0.036542427 24.29 2.7 2.2
2250 16 10.1 0.0364044 130.29 5.0 10.7
2260 16 13.5 0.03664621 169.25 3.6 12.3
2270 16 4.7 0.035578154 84.21000000000001 3.2 3.5
2280 16 14.9 0.037565805 126.29 4.5 14.2
2290 16 8.6 0.036748137 96.43999999999998 5.6 7.0
2300 16 9.3 0.037977424 134.41 4.7 6.6
2310 16 10.7 0.034371234 123.41 5.6 11.9
2320 16 7.5 0.029295161 78.05 4.7 8.0
2330 16 12.2 0.035702966 139.56 4.6 11.0
2340 16 9.1 0.036532484 157.89 3.1 9.4
2350 16 15.1 0.037539985 142.89000000000001 5.6 13.3
2360 16 11.7 0.03499437 112.01000000000002 4.8 10.1
2370 16 16.4 0.03912305 109.24000000000001 7.2 12.4
2380 16 13.8 0.042183444 172.16 4.5 11.5
2390 16 8.8 0.03725752 59.36 4.8 9.4
2400 16 15.3 0.046581462 141.81 6.1 14.4
2410 16 10.1 0.04762169 83.28999999999999 6.4 6.5
2420 16 13.7 0.041719023 115.80999999999999 6.9 8.8
2430 16 14.3 0.041762535 164.20999999999998 6.8 9.9
2440 16 13.5 0.043286942 109.65 5.6 11.1
2450 16 17.4 0.037862115 150.83999999999997 4.8 16.8
2460 16 12.1 0.04551414 140.69 4.0 11.5
2470 16 9.0 0.05242941 91.0 2.5 8.7
2480 16 17.2 0.051068854 116.55999999999999 7.2 12.4
2490 16 10.5 0.04502575 43.05 6.6 12.3
2500 16 13.9 0.04838695 186.09 4.8 11.1
2510 16 12.3 0.045978013 117.61000000000001 6.6 7.7
2520 16 13.7 0.037617754 151.21 4.5 11.4
2530 16 10.6 0.05159544 34.04 6.5 10.5
2540 16 18.1 0.04811638 151.49 4.1 17.4
2550 16 8.1 0.034876052 72.89 4.6 5.9
2560 16 15.4 0.04847302 120.84 5.3 15.9
2570 16 11.7 0.053689435 151.41 5.3 9.8
2580 16 13.4 0.052795704 119.24000000000001 5.2 10.8
2590 16 17.0 0.053986322 158.6 5.1 15.1
2600 16 13.5 0.0635661 133.45 6.2 10.5
2610 16 7.0 0.05499567 102.2 4.2 7.8
2620 16 6.7 0.04476024 67.41 3.0 7.5
2630 16 9.4 0.03965172 73.44000000000001 5.0 8.6
2640 16 11.4 0.041608352 106.04 4.8 7.4
2650 16 9.4 0.033760745 180.24 3.7 6.3
2660 16 18.2 0.037502676 147.36 5.6 15.8
2670 16 9.7 0.030990435 57.410000000000004 4.9 10.8
2680 16 14.3 0.03186847 192.40999999999997 6.6 11.1
2690 16 14.2 0.04046748 114.56000000000002 3.6 16.2
2700 16 12.7 0.047070127 68.41 4.5 13.8
2710 16 12.7 0.05104261 158.41000000000003 4.4 12.5
2720 16 12.8 0.045815002 77.16 3.4 13.6
2730 16 20.3 0.04473435 98.01 4.5 18.4
2740 16 11.9 0.038698196 144.89000000000001 4.6 9.9
2750 16 7.5 0.06623218 82.65 4.0 5.9
2760 16 12.1 0.04282643 195.29 3.1 13.8
2770 16 16.7 0.052531853 193.81 3.1 15.0
2780 16 18.6 0.045101836 160.64 4.2 17.0
2790 16 18.4 0.061088357 194.23999999999998 4.0 17.8
2800 16 18.6 0.051526442 129.64 3.7 16.3
2810 16 11.5 0.074476525 126.85 5.4 10.3
2820 16 14.2 0.05345056 197.56 5.2 12.8
2830 16 15.4 0.05876126 222.24 5.3 12.5
2840 16 14.2 0.05357217 106.75999999999999 5.7 11.5
2850 16 12.0 0.052644894 127.4 3.8 11.6
2860 16 11.2 0.055263374 92.75999999999999 3.2 9.8
2870 16 11.4 0.046473343 116.04 6.0 10.6
2880 16 16.1 0.046504516 145.29000000000002 4.4 14.7
2890 16 15.6 0.042715613 97.84 6.2 16.2
2900 16 7.9 0.048331436 127.89000000000003 4.0 5.7
2910 16 17.8 0.040704142 113.16 2.9 17.5
2920 16 11.2 0.051874794 97.16 5.3 8.5
2930 16 6.6 0.04075423 50.440000000000005 4.0 4.2
2940 16 9.4 0.034974862 105.84 4.0 9.8
2950 16 9.5 0.038263053 149.65 3.6 7.7
2960 16 11.2 0.039899558 136.56000000000003 4.4 10.6
2970 16 12.2 0.04638465 120.35999999999999 4.4 10.8
2980 16 15.4 0.03838629 159.64000000000004 4.5 13.1
2990 16 11.7 0.037219256 111.60999999999999 3.9 12.4
3000 16 10.3 0.03976147 130.41 4.4 8.7
3010 16 10.8 0.04415019 169.16000000000003 3.5 10.9
3020 16 9.9 0.03931741 122.89000000000001 3.6 9.7
3030 16 19.4 0.048535373 166.44 4.1 17.1
3040 16 16.7 0.036731087 140.61 5.6 15.3
3050 16 11.0 0.046700552 26.4 6.5 10.7
3060 16 11.5 0.047234714 166.85 3.7 11.4
3070 16 11.7 0.047741126 132.01 5.0 8.9
3080 16 16.5 0.050920013 164.65 4.0 14.9
3090 16 11.2 0.058024902 124.55999999999999 4.9 7.5
3100 16 11.4 0.05157615 108.63999999999999 3.0 9.8
3110 16 19.7 0.040967688 148.20999999999998 4.5 17.6
3120 16 14.6 0.050276224 133.64000000000001 5.2 13.0
3130 16 15.0 0.052212257 192.2 4.8 14.0
3140 16 10.6 0.038221635 129.23999999999998 3.2 9.4
3150 16 16.0 0.045001227 169.2 4.8 12.8
3160 16 12.7 0.04780728 147.81 5.4 10.5
3170 16 14.1 0.041037526 144.89000000000001 4.5 11.2
3180 16 10.2 0.04456702 152.56 2.4 10.6
3190 16 12.0 0.045167025 152.6 5.9 9.5
3200 16 7.8 0.039694928 72.75999999999999 3.3 7.5
3210 16 20.1 0.049222495 196.89000000000001 7.1 13.8
3220 16 19.4 0.039082997 110.83999999999999 3.9 20.3
3230 16 20.1 0.050691552 90.48999999999998 7.8 14.7
3240 16 12.6 0.051537 173.44 3.4 12.4
3250 16 14.7 0.054133046 127.81000000000002 5.4 14.3
3260 16 10.0 0.05118394 130.8 5.3 8.1
3270 16 21.6 0.060064327 104.44000000000001 6.6 20.6
3280 16 18.0 0.07068495 94.2 5.0 20.0
3290 16 11.6 0.056760825 192.23999999999998 3.5 10.9
3300 16 14.1 0.058751322 154.09 5.2 10.1
3310 16 11.2 0.05994967 147.76 3.2 11.0
3320 16 9.5 0.05344695 128.65 4.1 7.4
3330 16 18.4 0.044606507 141.24 6.2 16.0
3340 16 20.8 0.06441995 122.75999999999999 5.6 20.2
3350 16 17.5 0.05867546 213.05 5.2 15.5
3360 16 12.1 0.04840139 109.48999999999998 5.6 10.5
3370 16 13.0 0.06014446 122.0 4.3 12.5
3380 16 8.9 0.051497992 64.09 4.7 7.0
3390 16 13.0 0.061230604 119.8 6.4 12.4
3400 16 15.5 0.05699202 107.25 6.1 13.8
3410 16 14.0 0.042443145 81.4 6.1 13.5
3420 16 16.8 0.053596966 121.96 4.2 16.2
3430 16 16.1 0.055802014 161.09 3.6 16.3
3440 16 10.0 0.038110975 102.2 3.7 9.1
3450 16 9.9 0.04797929 125.09 4.0 11.9
3460 16 14.2 0.043171845 131.36 6.3 12.7
3470 16 18.2 0.04276399 140.76000000000002 5.5 16.5
3480 16 14.5 0.055381157 100.85 5.0 11.9
3490 16 9.1 0.0495132 137.89 3.2 7.3
3500 16 8.6 0.03628771 68.84 4.5 6.7
3510 16 10.0 0.04959528 98.4 5.4 7.8
3520 16 12.4 0.029307725 120.44000000000001 4.8 10.0
3530 16 12.7 0.041668452 161.41000000000003 5.8 10.3
3540 16 12.2 0.032427073 126.96 5.8 8.4
3550 16 15.4 0.03998682 157.04000000000002 5.8 15.2
3560 16 14.8 0.04226171 166.56 3.9 12.9
3570 16 7.1 0.04071311 111.49000000000001 4.2 5.3
3580 16 10.8 0.04149941 156.56 5.6 7.4
3590 16 10.3 0.04860848 94.01 5.6 8.7
3600 16 10.0 0.03962139 100.6 5.2 9.0
3610 16 8.9 0.039073374 113.29000000000003 4.0 8.3
3620 16 17.9 0.038148277 120.09 5.4 15.7
3630 16 8.7 0.045267303 67.61 4.5 7.8
3640 16 11.9 0.02780818 181.89000000000001 2.6 10.5
3650 16 13.5 0.05277699 138.25 6.2 10.5
3660 16 11.1 0.044628464 162.29000000000002 4.4 8.9
3670 16 11.7 0.032873362 142.61 6.5 9.4
3680 16 19.1 0.04876654 251.09 3.6 17.9
3690 16 18.7 0.04891608 129.81 6.6 14.5
3700 16 17.5 0.055989653 129.65 5.9 17.0
3710 16 15.6 0.05472119 128.24 7.2 11.4
3720 16 13.2 0.065649256 213.95999999999998 3.4 10.6
3730 16 9.6 0.05726341 119.63999999999999 4.4 10.6
3740 16 13.9 0.050678328 133.69 4.4 12.5
3750 16 11.5 0.05475953 91.25 5.5 14.8
3760 16 16.0 0.05562391 211.4 5.2 12.0
3770 16 16.2 0.053529255 98.36 5.7 16.9
3780 16 11.0 0.057634957 165.8 3.5 10.5
3790 16 11.0 0.05985889 116.0 3.5 12.1
3800 16 14.7 0.06474921 136.60999999999999 5.2 14.1
3810 16 13.8 0.052863687 75.96000000000001 5.8 13.8
3820 16 13.0 0.051684737 221.8 3.1 13.9
3830 16 11.3 0.05394423 177.21 5.0 8.5
3840 16 14.2 0.044550996 253.35999999999999 4.2 10.6
3850 16 21.7 0.053925566 155.60999999999999 5.3 21.6
3860 16 15.4 0.051388275 116.63999999999999 5.8 16.0
3870 16 20.4 0.0728971 133.04000000000002 6.4 18.6
3880 16 12.3 0.05666785 167.81 3.9 10.0
3890 16 10.7 0.058288332 140.60999999999999 2.8 9.1
3900 16 21.3 0.048876196 181.21 5.9 17.4
3910 16 17.2 0.06618721 147.35999999999999 6.1 14.5
3920 16 16.3 0.049885064 179.01000000000002 4.9 13.4
3930 16 11.7 0.051669642 178.81 5.3 8.4
3940 16 19.0 0.0612146 136.8 5.1 17.3
3950 16 11.6 0.05272209 128.83999999999997 5.5 11.7
3960 16 11.7 0.06323699 151.01000000000005 3.9 10.6
3970 16 18.8 0.05210066 180.16000000000003 5.4 15.8
3980 16 11.6 0.041421056 97.03999999999999 8.1 8.3
3990 16 15.2 0.05636279 176.56 2.9 14.5
4000 16 12.3 0.045381613 200.81 2.6 10.7
4010 16 15.4 0.05359881 207.44 4.7 11.5
4020 16 12.7 0.040105604 156.01000000000002 4.1 10.8
4030 16 14.2 0.051101144 156.35999999999996 5.6 12.2
4040 16 18.2 0.05182744 167.56 3.2 17.0
4050 16 16.0 0.046985466 161.0 5.7 13.9
4060 16 14.4 0.0546537 117.84 4.8 14.2
4070 16 15.3 0.059592456 184.20999999999998 5.5 12.0
4080 16 17.6 0.060518723 177.83999999999997 4.8 15.6
4090 16 7.2 0.057212397 65.36 3.2 6.2
4100 16 14.0 0.04611325 262.6 4.8 12.6
4110 16 20.7 0.060978357 172.41 6.2 16.7
4120 16 11.8 0.05578616 217.76 4.5 8.9
4130 16 12.4 0.045486577 116.04 6.3 9.7
4140 16 14.6 0.048520345 187.63999999999996 5.7 11.3
4150 16 9.4 0.041129705 147.44 2.2 10.4
4160 16 15.6 0.064534836 134.83999999999997 3.8 16.6
4170 16 13.1 0.058650527 170.48999999999995 2.8 12.7
4180 16 20.3 0.0461272 120.00999999999999 4.9 19.2
4190 16 14.3 0.055147424 188.20999999999998 4.2 14.1
4200 16 10.4 0.06295148 122.84 5.6 9.2
4210 16 14.5 0.049863014 142.65 4.4 13.9
4220 16 22.0 0.057907157 159.2 6.5 18.3
4230 16 9.2 0.08200554 113.16 4.3 7.9
4240 16 15.1 0.06181923 217.08999999999997 3.4 13.5
4250 16 16.1 0.07504083 153.29 5.3 14.6
4260 16 13.8 0.067253955 190.96000000000004 5.8 11.6
4270 16 22.5 0.056407966 131.85 5.5 21.4
