GAME_NUMBER Max_Score mavg_score mavg_loss var_score mavg_food mavg_poison 
10 2 0.4 0.02892996 0.8400000000000001 0.6 0.2
20 2 -0.2 0.025644515 0.36000000000000004 0.2 0.4
30 2 0.2 0.025309667 0.36000000000000004 0.3 0.1
40 2 -0.4 0.025333136 0.6400000000000001 0.1 0.5
50 2 -0.1 0.025216753 0.49000000000000005 0.3 0.4
60 2 0.0 0.025296262 1.0 0.3 0.3
70 2 -0.3 0.025208931 0.41000000000000003 0.1 0.4
80 2 -0.2 0.02527531 0.36000000000000004 0.2 0.4
90 2 -0.1 0.02519191 0.49000000000000005 0.3 0.4
100 2 0.0 0.025102206 0.6 0.3 0.3
110 2 -0.4 0.02531629 0.24 0.0 0.4
120 2 0.1 0.025246082 0.09000000000000001 0.1 0.0
130 2 0.1 0.02500829 0.09000000000000001 0.2 0.1
140 2 0.1 0.025056308 0.09000000000000001 0.1 0.0
150 2 0.0 0.02495464 0.2 0.1 0.1
160 2 0.1 0.024897933 0.09000000000000001 0.1 0.0
170 2 0.0 0.024722725 0.0 0.0 0.0
180 2 -0.1 0.024550648 0.09000000000000001 0.0 0.1
190 2 0.0 0.024543246 0.0 0.0 0.0
200 2 0.0 0.024554977 0.0 0.0 0.0
210 2 0.0 0.024550498 0.0 0.0 0.0
220 2 0.0 0.024425447 0.0 0.0 0.0
230 2 0.0 0.024514781 0.0 0.0 0.0
240 2 0.0 0.024444295 0.0 0.0 0.0
250 2 0.0 0.024498513 0.0 0.0 0.0
260 2 0.0 0.0244125 0.0 0.0 0.0
270 2 0.0 0.024503173 0.0 0.0 0.0
280 2 0.0 0.024507144 0.0 0.0 0.0
290 2 0.0 0.02449127 0.0 0.0 0.0
300 2 0.0 0.024424803 0.0 0.0 0.0
310 2 0.0 0.02448929 0.0 0.0 0.0
320 2 0.0 0.024452977 0.0 0.0 0.0
330 2 0.0 0.024427976 0.0 0.0 0.0
340 2 0.0 0.024341319 0.0 0.1 0.1
350 2 0.0 0.02442247 0.0 0.0 0.0
360 2 0.0 0.024507044 0.0 0.0 0.0
370 2 0.0 0.024486857 0.0 0.0 0.0
380 2 0.0 0.024482938 0.0 0.0 0.0
390 2 0.0 0.024515329 0.0 0.0 0.0
400 2 0.0 0.024501242 0.0 0.0 0.0
410 2 0.0 0.024447024 0.0 0.0 0.0
420 2 0.0 0.02440224 0.0 0.0 0.0
430 2 0.1 0.02451878 0.09000000000000001 0.1 0.0
440 2 -0.1 0.024465192 0.09000000000000001 0.0 0.1
450 2 0.0 0.02441463 0.0 0.0 0.0
460 2 0.0 0.024464482 0.0 0.0 0.0
470 2 0.0 0.02442634 0.0 0.0 0.0
480 2 0.1 0.024544954 0.09000000000000001 0.1 0.0
490 2 0.1 0.024459522 0.09000000000000001 0.1 0.0
500 2 0.0 0.02449843 0.0 0.0 0.0
510 2 0.0 0.0245001 0.0 0.0 0.0
520 2 0.0 0.024370238 0.0 0.0 0.0
530 2 0.0 0.024405506 0.0 0.0 0.0
540 2 0.0 0.02454256 0.0 0.0 0.0
550 2 0.0 0.024390278 0.0 0.0 0.0
560 2 0.0 0.02440754 0.0 0.0 0.0
570 2 0.0 0.024448214 0.0 0.0 0.0
580 2 0.0 0.02443631 0.0 0.0 0.0
590 2 0.0 0.02433274 0.0 0.0 0.0
600 2 0.0 0.024483532 0.0 0.0 0.0
610 2 0.0 0.024391668 0.0 0.0 0.0
620 2 0.0 0.024474008 0.0 0.0 0.0
630 2 0.0 0.024445437 0.0 0.0 0.0
640 2 0.0 0.024391668 0.0 0.0 0.0
650 2 0.0 0.024399603 0.0 0.0 0.0
660 2 0.0 0.024376191 0.0 0.0 0.0
670 2 0.0 0.024287103 0.0 0.0 0.0
680 2 -0.2 0.02446131 0.16000000000000006 0.0 0.2
690 2 0.0 0.024466867 0.0 0.0 0.0
700 2 0.0 0.024413344 0.0 0.0 0.0
710 2 0.0 0.024494395 0.0 0.0 0.0
720 2 0.0 0.024504118 0.0 0.0 0.0
730 2 0.0 0.024434822 0.0 0.0 0.0
740 2 0.0 0.02445997 0.0 0.0 0.0
750 2 0.0 0.024393056 0.0 0.0 0.0
760 2 0.0 0.024514882 0.0 0.0 0.0
770 2 0.0 0.024382541 0.0 0.0 0.0
780 2 -0.1 0.024408136 0.09000000000000001 0.0 0.1
790 2 0.0 0.024415426 0.0 0.0 0.0
800 2 -0.1 0.024454812 0.09000000000000001 0.0 0.1
810 2 0.0 0.024467064 0.0 0.0 0.0
820 2 0.0 0.024444098 0.0 0.0 0.0
830 2 0.0 0.024534127 0.0 0.0 0.0
840 2 -0.1 0.024482492 0.09000000000000001 0.0 0.1
850 2 0.0 0.02442872 0.0 0.0 0.0
860 2 0.0 0.02448616 0.0 0.0 0.0
870 2 0.0 0.0245566 0.0 0.0 0.0
880 2 0.0 0.024381993 0.0 0.0 0.0
890 2 0.0 0.024397867 0.0 0.0 0.0
900 2 0.1 0.024471527 0.09000000000000001 0.1 0.0
910 2 0.0 0.024446081 0.0 0.0 0.0
920 2 0.0 0.024444295 0.0 0.0 0.0
930 2 0.2 0.024537452 0.16000000000000006 0.2 0.0
940 2 0.0 0.02442872 0.0 0.0 0.0
950 2 0.0 0.024486212 0.0 0.0 0.0
960 2 0.1 0.02452872 0.09000000000000001 0.1 0.0
970 2 0.0 0.024474652 0.0 0.0 0.0
980 2 0.0 0.024489535 0.0 0.0 0.0
990 2 0.0 0.024462402 0.0 0.0 0.0
1000 2 0.0 0.02448884 0.0 0.0 0.0
1010 2 0.0 0.024459723 0.0 0.0 0.0
1020 2 0.0 0.024550248 0.0 0.0 0.0
1030 2 0.0 0.02443274 0.0 0.0 0.0
1040 2 0.0 0.02445992 0.0 0.0 0.0
1050 2 0.0 0.024475003 0.0 0.0 0.0
1060 2 0.0 0.024470834 0.0 0.0 0.0
1070 2 -0.1 0.024371032 0.09000000000000001 0.0 0.1
1080 2 0.0 0.024338294 0.0 0.0 0.0
1090 2 -0.1 0.024406845 0.09000000000000001 0.0 0.1
1100 2 0.1 0.02446369 0.09000000000000001 0.1 0.0
1110 2 0.0 0.02440749 0.0 0.0 0.0
1120 2 0.0 0.024474503 0.0 0.0 0.0
1130 2 -0.1 0.024427319 0.09000000000000001 0.0 0.1
1140 2 0.0 0.02447391 0.0 0.0 0.0
1150 2 0.0 0.024506647 0.0 0.0 0.0
1160 2 0.0 0.024404813 0.0 0.0 0.0
1170 2 0.0 0.024430556 0.0 0.0 0.0
1180 2 -0.1 0.024517808 0.09000000000000001 0.0 0.1
1190 2 0.0 0.024418551 0.0 0.0 0.0
1200 2 0.0 0.024408184 0.0 0.0 0.0
1210 2 -0.1 0.02442148 0.09000000000000001 0.0 0.1
1220 2 -0.1 0.024458336 0.09000000000000001 0.0 0.1
1230 2 0.0 0.024445586 0.0 0.0 0.0
1240 2 0.0 0.024454415 0.0 0.0 0.0
1250 2 0.0 0.024372421 0.0 0.0 0.0
1260 2 0.0 0.024454465 0.0 0.0 0.0
1270 2 0.0 0.024477083 0.0 0.0 0.0
1280 2 0.0 0.024466569 0.0 0.0 0.0
1290 2 0.0 0.02445119 0.0 0.0 0.0
1300 2 0.0 0.02441389 0.0 0.0 0.0
1310 2 0.1 0.024509177 0.09000000000000001 0.1 0.0
1320 2 0.0 0.024364086 0.0 0.0 0.0
1330 2 0.0 0.024392957 0.0 0.0 0.0
1340 2 0.0 0.02444737 0.0 0.0 0.0
1350 2 0.1 0.024414683 0.09000000000000001 0.1 0.0
1360 2 -0.1 0.024417559 0.09000000000000001 0.0 0.1
1370 2 0.0 0.024339486 0.0 0.0 0.0
1380 2 0.0 0.024405705 0.0 0.0 0.0
1390 2 0.0 0.024476042 0.0 0.0 0.0
1400 2 0.0 0.024506448 0.0 0.0 0.0
1410 2 0.0 0.024412947 0.0 0.0 0.0
1420 2 0.0 0.024372421 0.0 0.0 0.0
1430 2 0.0 0.024451787 0.0 0.0 0.0
1440 2 0.0 0.024374008 0.0 0.0 0.0
1450 2 0.0 0.02449504 0.0 0.0 0.0
1460 2 0.0 0.024465675 0.0 0.0 0.0
1470 2 0.2 0.024445636 0.16000000000000006 0.2 0.0
1480 2 0.0 0.024530308 0.0 0.0 0.0
1490 2 0.0 0.024400745 0.0 0.0 0.0
1500 2 0.0 0.024449406 0.0 0.0 0.0
1510 2 0.0 0.024458978 0.0 0.0 0.0
1520 2 0.0 0.024440724 0.0 0.0 0.0
1530 2 0.0 0.024507044 0.0 0.0 0.0
1540 2 0.0 0.024419641 0.0 0.0 0.0
1550 2 0.0 0.024446033 0.0 0.0 0.0
1560 2 -0.1 0.024532987 0.09000000000000001 0.0 0.1
1570 2 0.1 0.024434574 0.09000000000000001 0.1 0.0
1580 2 0.1 0.024387104 0.09000000000000001 0.1 0.0
1590 2 0.0 0.024418354 0.0 0.0 0.0
1600 2 0.0 0.02446374 0.0 0.0 0.0
1610 2 0.0 0.024439188 0.0 0.0 0.0
1620 2 -0.1 0.024414336 0.09000000000000001 0.0 0.1
1630 2 0.0 0.024415774 0.0 0.0 0.0
1640 2 -0.1 0.024366071 0.09000000000000001 0.0 0.1
1650 2 0.0 0.02434117 0.0 0.0 0.0
1660 2 0.0 0.024394197 0.0 0.0 0.0
1670 2 -0.1 0.024412995 0.09000000000000001 0.0 0.1
1680 2 0.1 0.024455357 0.09000000000000001 0.1 0.0
1690 2 0.0 0.024440775 0.0 0.0 0.0
1700 2 0.0 0.024469543 0.0 0.0 0.0
1710 2 0.0 0.024489533 0.0 0.0 0.0
1720 2 0.0 0.02446756 0.0 0.0 0.0
1730 2 0.0 0.024485169 0.0 0.0 0.0
1740 2 0.0 0.024437401 0.0 0.0 0.0
1750 2 -0.1 0.02451875 0.09000000000000001 0.0 0.1
1760 2 0.0 0.024401736 0.0 0.0 0.0
1770 2 0.2 0.024407975 0.16000000000000006 0.2 0.0
1780 2 0.0 0.02446292 0.0 0.0 0.0
1790 2 0.1 0.024415456 0.09000000000000001 0.1 0.0
1800 2 0.0 0.024482276 0.0 0.0 0.0
1810 2 0.0 0.024360415 0.0 0.0 0.0
1820 2 0.0 0.024469592 0.0 0.0 0.0
1830 2 0.0 0.02443312 0.0 0.0 0.0
1840 2 -0.1 0.024473296 0.09000000000000001 0.0 0.1
1850 2 0.0 0.024378076 0.0 0.0 0.0
1860 2 0.0 0.024549255 0.0 0.0 0.0
1870 2 0.2 0.024473613 0.16000000000000006 0.2 0.0
1880 2 -0.1 0.024471229 0.09000000000000001 0.0 0.1
1890 2 0.0 0.024499802 0.0 0.0 0.0
1900 2 0.0 0.024447635 0.0 0.0 0.0
1910 2 0.0 0.024384823 0.0 0.0 0.0
1920 2 0.0 0.024527734 0.0 0.0 0.0
1930 2 0.0 0.024408288 0.0 0.0 0.0
1940 2 -0.1 0.02434628 0.09000000000000001 0.0 0.1
1950 2 0.0 0.02441885 0.0 0.0 0.0
1960 2 0.1 0.024450347 0.09000000000000001 0.1 0.0
1970 2 0.0 0.024482192 0.0 0.0 0.0
1980 2 0.0 0.024355656 0.0 0.0 0.0
1990 2 0.0 0.02442495 0.0 0.0 0.0
2000 2 0.0 0.024420783 0.0 0.0 0.0
2010 2 0.0 0.024459176 0.0 0.0 0.0
2020 2 0.0 0.024457391 0.0 0.0 0.0
2030 2 0.1 0.02444251 0.09000000000000001 0.1 0.0
2040 2 0.0 0.024395287 0.0 0.0 0.0
2050 2 0.0 0.02446746 0.2 0.1 0.1
2060 2 0.0 0.02445397 0.0 0.0 0.0
2070 2 0.0 0.024467064 0.0 0.0 0.0
2080 2 0.0 0.02446265 0.0 0.0 0.0
2090 2 0.0 0.024444297 0.0 0.0 0.0
2100 2 0.0 0.024456745 0.0 0.0 0.0
2110 2 0.0 0.024401885 0.0 0.0 0.0
2120 2 0.0 0.024439536 0.0 0.0 0.0
2130 2 0.0 0.024457738 0.0 0.0 0.0
2140 2 0.0 0.024529563 0.0 0.0 0.0
2150 2 -0.1 0.024519246 0.09000000000000001 0.0 0.1
2160 2 0.0 0.024432242 0.0 0.0 0.0
2170 2 0.0 0.024453621 0.0 0.0 0.0
2180 2 0.0 0.024447221 0.0 0.0 0.0
2190 2 0.0 0.024476888 0.0 0.0 0.0
2200 2 0.0 0.02443869 0.0 0.0 0.0
2210 2 0.1 0.024397025 0.09000000000000001 0.1 0.0
2220 2 0.0 0.024480954 0.0 0.0 0.0
2230 2 0.0 0.024380209 0.0 0.0 0.0
2240 2 0.0 0.024452828 0.0 0.0 0.0
2250 2 -0.1 0.02441771 0.09000000000000001 0.0 0.1
2260 2 0.0 0.024489831 0.0 0.0 0.0
2270 2 -0.1 0.024526043 0.09000000000000001 0.0 0.1
2280 2 0.0 0.024488194 0.0 0.0 0.0
2290 2 0.1 0.024442907 0.09000000000000001 0.1 0.0
2300 2 0.0 0.024435863 0.0 0.0 0.0
2310 2 0.1 0.024374504 0.09000000000000001 0.1 0.0
2320 2 0.0 0.024546726 0.0 0.0 0.0
2330 2 0.0 0.024527479 0.0 0.0 0.0
2340 2 0.0 0.024417756 0.0 0.0 0.0
2350 2 0.0 0.024468403 0.0 0.0 0.0
2360 2 0.0 0.02452361 0.0 0.0 0.0
2370 2 0.0 0.024423463 0.0 0.0 0.0
2380 2 0.0 0.02443378 0.0 0.0 0.0
2390 2 0.0 0.024434768 0.0 0.0 0.0
2400 2 0.1 0.024401389 0.09000000000000001 0.1 0.0
2410 2 0.0 0.024418207 0.0 0.0 0.0
2420 2 0.0 0.024472618 0.0 0.0 0.0
2430 2 0.0 0.0244627 0.0 0.0 0.0
2440 2 -0.1 0.024485517 0.09000000000000001 0.0 0.1
2450 2 -0.1 0.024428025 0.09000000000000001 0.0 0.1
2460 2 -0.1 0.024453027 0.09000000000000001 0.0 0.1
2470 2 0.0 0.024510564 0.0 0.0 0.0
2480 2 0.0 0.024490623 0.0 0.0 0.0
2490 2 0.0 0.024511557 0.0 0.0 0.0
2500 2 0.0 0.024496676 0.0 0.0 0.0
2510 2 -0.1 0.024488889 0.09000000000000001 0.0 0.1
2520 2 0.0 0.024405606 0.0 0.0 0.0
2530 2 0.0 0.02439772 0.0 0.0 0.0
2540 2 0.0 0.024506597 0.0 0.0 0.0
2550 2 -0.1 0.024466367 0.09000000000000001 0.0 0.1
2560 2 0.0 0.024410319 0.0 0.0 0.0
2570 2 0.0 0.024468305 0.0 0.0 0.0
2580 2 0.0 0.02439881 0.0 0.0 0.0
2590 2 0.0 0.02444127 0.0 0.0 0.0
2600 2 0.0 0.024533583 0.0 0.0 0.0
2610 2 0.0 0.02445764 0.0 0.0 0.0
2620 2 0.0 0.02442262 0.0 0.0 0.0
2630 2 0.0 0.024417859 0.0 0.0 0.0
2640 2 0.0 0.02445496 0.0 0.0 0.0
2650 2 0.0 0.024434723 0.0 0.0 0.0
2660 2 0.0 0.024459127 0.0 0.0 0.0
2670 2 0.0 0.02447381 0.0 0.0 0.0
2680 2 0.0 0.024500994 0.0 0.0 0.0
2690 2 0.0 0.024502182 0.0 0.0 0.0
2700 2 0.1 0.02449395 0.09000000000000001 0.1 0.0
2710 2 0.0 0.024435367 0.0 0.0 0.0
2720 2 0.0 0.024427233 0.0 0.0 0.0
2730 2 0.0 0.024438988 0.0 0.0 0.0
2740 2 0.0 0.024517907 0.0 0.0 0.0
2750 2 0.0 0.024495387 0.0 0.0 0.0
2760 2 0.0 0.024413096 0.0 0.0 0.0
2770 2 0.0 0.02445754 0.0 0.0 0.0
2780 2 0.0 0.024364682 0.0 0.0 0.0
2790 2 0.0 0.024491468 0.0 0.0 0.0
2800 2 0.0 0.024443056 0.0 0.0 0.0
2810 2 0.0 0.024464438 0.0 0.0 0.0
2820 2 0.0 0.024413096 0.0 0.0 0.0
2830 2 0.0 0.02445258 0.0 0.0 0.0
2840 2 0.0 0.024430756 0.0 0.0 0.0
2850 2 0.0 0.024464682 0.0 0.0 0.0
2860 2 -0.1 0.024449257 0.09000000000000001 0.0 0.1
2870 2 0.0 0.024503225 0.0 0.0 0.0
2880 2 0.0 0.024430804 0.0 0.0 0.0
2890 2 0.0 0.024467163 0.0 0.0 0.0
2900 2 0.0 0.02437644 0.0 0.0 0.0
2910 2 0.0 0.024355605 0.0 0.0 0.0
2920 2 -0.1 0.024435764 0.09000000000000001 0.0 0.1
2930 2 0.0 0.024477432 0.0 0.0 0.0
2940 2 0.1 0.024453027 0.09000000000000001 0.1 0.0
2950 2 0.0 0.024491914 0.0 0.0 0.0
2960 2 0.0 0.024402829 0.0 0.0 0.0
2970 2 0.0 0.02440506 0.0 0.0 0.0
2980 2 0.0 0.024415277 0.0 0.0 0.0
2990 2 0.0 0.024459822 0.0 0.0 0.0
3000 2 0.0 0.02441751 0.0 0.0 0.0
3010 2 0.0 0.024439685 0.0 0.0 0.0
3020 2 0.0 0.0244375 0.0 0.0 0.0
3030 2 0.0 0.024464883 0.0 0.0 0.0
3040 2 0.0 0.024482938 0.0 0.0 0.0
3050 2 0.0 0.024499802 0.0 0.0 0.0
3060 2 0.0 0.024407143 0.0 0.0 0.0
3070 2 0.0 0.02444246 0.0 0.0 0.0
3080 2 0.0 0.024453176 0.0 0.0 0.0
3090 2 0.0 0.024360912 0.0 0.0 0.0
3100 2 0.0 0.024337698 0.0 0.0 0.0
3110 2 0.0 0.024397222 0.0 0.0 0.0
3120 2 0.0 0.024388492 0.0 0.0 0.0
3130 2 -0.1 0.024471479 0.09000000000000001 0.0 0.1
3140 2 0.0 0.0243939 0.0 0.0 0.0
3150 2 0.0 0.024397323 0.0 0.0 0.0
3160 2 0.0 0.02444881 0.0 0.0 0.0
3170 2 0.0 0.024448216 0.0 0.0 0.0
3180 2 0.0 0.024453819 0.0 0.0 0.0
3190 2 0.1 0.024463443 0.09000000000000001 0.1 0.0
3200 2 0.1 0.024540277 0.09000000000000001 0.1 0.0
3210 2 0.0 0.024386607 0.0 0.0 0.0
3220 2 -0.1 0.024414387 0.09000000000000001 0.0 0.1
3230 2 0.0 0.024477134 0.0 0.0 0.0
3240 2 0.1 0.024454167 0.09000000000000001 0.1 0.0
3250 2 0.0 0.02450759 0.0 0.0 0.0
3260 2 0.0 0.024403125 0.0 0.0 0.0
3270 2 0.0 0.024506003 0.0 0.0 0.0
3280 2 0.0 0.024493897 0.0 0.0 0.0
3290 2 0.0 0.024436062 0.0 0.0 0.0
3300 2 0.0 0.024507837 0.0 0.0 0.0
3310 2 0.1 0.024448264 0.09000000000000001 0.1 0.0
3320 2 0.0 0.024414882 0.0 0.0 0.0
3330 2 0.0 0.024424355 0.0 0.0 0.0
3340 2 0.1 0.024476785 0.09000000000000001 0.1 0.0
3350 2 0.0 0.024464436 0.0 0.0 0.0
3360 2 0.0 0.024482789 0.0 0.0 0.0
3370 2 0.0 0.024484672 0.0 0.0 0.0
3380 2 -0.1 0.024445832 0.09000000000000001 0.0 0.1
3390 2 0.0 0.02441518 0.0 0.0 0.0
3400 2 0.0 0.024499802 0.0 0.0 0.0
3410 2 0.0 0.024434175 0.0 0.0 0.0
3420 2 0.0 0.02453988 0.0 0.0 0.0
3430 2 0.0 0.024524108 0.0 0.0 0.0
3440 2 0.0 0.024429416 0.0 0.0 0.0
3450 2 -0.1 0.024461757 0.09000000000000001 0.0 0.1
3460 2 0.0 0.024469843 0.0 0.0 0.0
3470 2 0.0 0.024390081 0.0 0.0 0.0
3480 2 0.0 0.024478026 0.0 0.0 0.0
3490 2 0.1 0.024431994 0.09000000000000001 0.1 0.0
3500 2 0.0 0.024426587 0.0 0.0 0.0
3510 2 0.0 0.024478374 0.0 0.0 0.0
3520 2 0.0 0.024497222 0.0 0.0 0.0
3530 2 0.0 0.024516469 0.0 0.0 0.0
3540 2 0.0 0.024494248 0.0 0.0 0.0
3550 2 0.0 0.024457986 0.0 0.0 0.0
3560 2 0.0 0.024497222 0.0 0.0 0.0
3570 2 0.0 0.02451885 0.0 0.0 0.0
3580 2 0.0 0.024434723 0.0 0.0 0.0
3590 2 0.0 0.024462499 0.0 0.0 0.0
3600 2 0.0 0.024496628 0.0 0.0 0.0
3610 2 -0.1 0.024356745 0.09000000000000001 0.0 0.1
3620 2 0.1 0.024457939 0.09000000000000001 0.1 0.0
3630 2 0.0 0.024355158 0.0 0.0 0.0
3640 2 0.0 0.02438879 0.0 0.0 0.0
3650 2 0.0 0.024365475 0.0 0.0 0.0
3660 2 0.0 0.024542162 0.0 0.0 0.0
3670 2 0.0 0.024462748 0.0 0.0 0.0
3680 2 0.0 0.024481796 0.0 0.0 0.0
3690 2 0.0 0.024402183 0.0 0.0 0.0
3700 2 0.0 0.024514882 0.0 0.0 0.0
3710 2 -0.1 0.024490872 0.09000000000000001 0.0 0.1
3720 2 0.0 0.02448616 0.0 0.0 0.0
3730 2 0.0 0.024409326 0.0 0.0 0.0
3740 2 0.0 0.024470238 0.0 0.0 0.0
3750 2 0.0 0.024448264 0.0 0.0 0.0
3760 2 0.0 0.024427181 0.0 0.0 0.0
3770 2 0.0 0.02435878 0.0 0.0 0.0
3780 2 0.0 0.024476439 0.0 0.0 0.0
3790 2 -0.1 0.024428422 0.09000000000000001 0.0 0.1
3800 2 0.0 0.02445367 0.0 0.0 0.0
3810 2 0.0 0.024486559 0.0 0.0 0.0
3820 2 0.0 0.024500595 0.0 0.0 0.0
3830 2 -0.1 0.024423312 0.09000000000000001 0.0 0.1
3840 2 0.1 0.024494743 0.09000000000000001 0.1 0.0
3850 2 0.0 0.024470834 0.0 0.0 0.0
3860 2 0.0 0.024572322 0.0 0.0 0.0
3870 2 0.0 0.024404366 0.0 0.0 0.0
3880 2 0.0 0.024452232 0.0 0.0 0.0
3890 2 0.0 0.024370586 0.0 0.0 0.0
3900 2 0.0 0.024350397 0.0 0.0 0.0
3910 2 0.0 0.024432393 0.0 0.0 0.0
3920 2 0.0 0.024549803 0.0 0.0 0.0
3930 2 0.0 0.024528373 0.0 0.0 0.0
3940 2 0.0 0.024472421 0.0 0.0 0.0
3950 2 0.0 0.024493849 0.0 0.0 0.0
3960 2 0.0 0.024439484 0.0 0.0 0.0
3970 2 0.0 0.024465872 0.0 0.0 0.0
3980 2 -0.1 0.024537947 0.09000000000000001 0.0 0.1
3990 2 0.0 0.024491567 0.0 0.0 0.0
4000 2 0.1 0.024457045 0.09000000000000001 0.1 0.0
4010 2 0.0 0.024460169 0.0 0.0 0.0
4020 2 0.0 0.02450387 0.0 0.0 0.0
4030 2 0.0 0.024428623 0.0 0.0 0.0
4040 2 0.0 0.024398511 0.0 0.0 0.0
4050 2 0.0 0.024438592 0.0 0.0 0.0
4060 2 0.0 0.024543304 0.0 0.0 0.0
4070 2 0.0 0.024458531 0.0 0.0 0.0
4080 2 -0.1 0.024437698 0.09000000000000001 0.0 0.1
4090 2 0.0 0.02461513 0.0 0.0 0.0
4100 2 0.1 0.024521032 0.09000000000000001 0.1 0.0
4110 2 0.0 0.024484228 0.0 0.0 0.0
4120 2 0.0 0.024484621 0.0 0.0 0.0
4130 2 0.0 0.024423512 0.0 0.0 0.0
4140 2 0.0 0.024391765 0.0 0.0 0.0
4150 2 0.0 0.02437004 0.0 0.0 0.0
4160 2 0.0 0.02447009 0.0 0.0 0.0
4170 2 0.0 0.024488494 0.0 0.0 0.0
4180 2 0.0 0.024476588 0.0 0.0 0.0
4190 2 0.0 0.024459327 0.0 0.0 0.0
4200 2 0.0 0.024356944 0.0 0.0 0.0
4210 2 0.0 0.02450635 0.0 0.0 0.0
4220 2 0.0 0.024513096 0.0 0.0 0.0
4230 2 0.0 0.024465872 0.0 0.0 0.0
4240 2 0.0 0.024515873 0.0 0.0 0.0
4250 2 0.0 0.024400001 0.0 0.0 0.0
4260 2 0.0 0.024475992 0.0 0.0 0.0
4270 2 0.0 0.024498412 0.0 0.0 0.0
4280 2 0.0 0.024496429 0.0 0.0 0.0
4290 2 0.0 0.024454365 0.0 0.0 0.0
4300 2 0.0 0.024438493 0.0 0.0 0.0
4310 2 0.0 0.024407143 0.0 0.0 0.0
4320 2 0.0 0.024415279 0.0 0.0 0.0
4330 2 0.0 0.024430756 0.0 0.0 0.0
4340 2 -0.2 0.024428522 0.16000000000000006 0.0 0.2
4350 2 0.0 0.02441741 0.0 0.0 0.0
4360 2 0.0 0.02449628 0.0 0.0 0.0
4370 2 0.0 0.024468351 0.0 0.0 0.0
4380 2 0.1 0.02434127 0.09000000000000001 0.1 0.0
4390 2 0.0 0.024454564 0.0 0.0 0.0
4400 2 0.0 0.024588048 0.0 0.0 0.0
4410 2 0.0 0.024360174 0.0 0.0 0.0
4420 2 0.0 0.024448412 0.0 0.0 0.0
4430 2 0.0 0.024431646 0.0 0.0 0.0
4440 2 0.0 0.024538295 0.0 0.0 0.0
4450 2 0.1 0.024431646 0.09000000000000001 0.1 0.0
4460 2 0.0 0.02447758 0.0 0.0 0.0
4470 2 0.1 0.024412302 0.29000000000000004 0.2 0.1
4480 2 0.2 0.024503173 0.16000000000000006 0.2 0.0
4490 2 0.0 0.02448978 0.0 0.0 0.0
4500 2 0.0 0.024408234 0.0 0.0 0.0
4510 2 0.0 0.024468552 0.0 0.0 0.0
4520 2 0.0 0.024449851 0.0 0.0 0.0
4530 2 0.0 0.024461905 0.0 0.0 0.0
4540 2 0.0 0.024431003 0.0 0.0 0.0
4550 2 0.0 0.024455557 0.0 0.0 0.0
4560 2 0.0 0.024440477 0.0 0.0 0.0
4570 2 0.0 0.024434127 0.0 0.0 0.0
4580 2 0.0 0.024352184 0.0 0.0 0.0
4590 2 -0.1 0.024424255 0.09000000000000001 0.0 0.1
4600 2 0.0 0.024456598 0.0 0.0 0.0
4610 2 0.0 0.024440676 0.0 0.0 0.0
4620 2 0.0 0.024454415 0.0 0.0 0.0
4630 2 -0.2 0.024461856 0.16000000000000006 0.0 0.2
4640 2 0.0 0.024453076 0.0 0.0 0.0
4650 2 0.0 0.024396874 0.0 0.0 0.0
4660 2 0.0 0.024431895 0.0 0.0 0.0
4670 2 0.0 0.02453988 0.0 0.0 0.0
4680 2 -0.1 0.024460863 0.09000000000000001 0.0 0.1
4690 2 0.0 0.024443898 0.0 0.0 0.0
4700 2 -0.2 0.024452133 0.16000000000000006 0.0 0.2
4710 2 0.0 0.024406698 0.0 0.0 0.0
4720 2 0.0 0.024470933 0.0 0.0 0.0
4730 2 0.0 0.024500348 0.0 0.0 0.0
4740 2 0.0 0.024445685 0.0 0.0 0.0
4750 2 0.0 0.024481796 0.0 0.0 0.0
4760 2 0.0 0.024497172 0.0 0.0 0.0
4770 2 0.1 0.024500595 0.09000000000000001 0.1 0.0
4780 2 0.1 0.024464335 0.09000000000000001 0.1 0.0
4790 2 0.0 0.024501389 0.0 0.0 0.0
4800 2 -0.1 0.0245086 0.09000000000000001 0.0 0.1
4810 2 0.0 0.024430474 0.0 0.0 0.0
4820 2 0.0 0.024515014 0.0 0.0 0.0
4830 2 0.0 0.024464816 0.0 0.0 0.0
4840 2 0.0 0.0245105 0.0 0.0 0.0
4850 2 0.0 0.024499934 0.0 0.0 0.0
4860 2 0.0 0.02447143 0.0 0.0 0.0
4870 2 -0.1 0.024424206 0.09000000000000001 0.0 0.1
4880 2 0.0 0.024446925 0.0 0.0 0.0
4890 2 0.0 0.024465377 0.0 0.0 0.0
4900 2 0.0 0.024374852 0.2 0.1 0.1
4910 2 0.0 0.024390278 0.0 0.0 0.0
4920 2 0.0 0.024458632 0.0 0.0 0.0
4930 2 0.0 0.024433285 0.0 0.0 0.0
4940 2 0.0 0.024433581 0.0 0.0 0.0
4950 2 0.1 0.024422372 0.09000000000000001 0.1 0.0
4960 2 0.0 0.024360416 0.0 0.0 0.0
4970 2 0.0 0.024441715 0.0 0.0 0.0
4980 2 0.0 0.024443304 0.0 0.0 0.0
4990 2 -0.1 0.024521528 0.09000000000000001 0.0 0.1
5000 2 0.0 0.024394048 0.0 0.0 0.0
5010 2 0.0 0.024410566 0.0 0.0 0.0
5020 2 0.0 0.024424504 0.0 0.0 0.0
5030 2 0.0 0.024474256 0.0 0.0 0.0
5040 2 0.0 0.024454612 0.0 0.0 0.0
5050 2 0.0 0.024408681 0.0 0.0 0.0
5060 2 0.1 0.024332343 0.09000000000000001 0.1 0.0
5070 2 0.0 0.024482539 0.0 0.0 0.0
5080 2 0.0 0.024368353 0.0 0.0 0.0
5090 2 0.0 0.024378223 0.0 0.0 0.0
5100 2 0.0 0.02440511 0.0 0.0 0.0
5110 2 -0.1 0.024487153 0.09000000000000001 0.0 0.1
5120 2 0.1 0.02448899 0.09000000000000001 0.1 0.0
5130 2 0.0 0.024479317 0.0 0.0 0.0
5140 2 0.0 0.024394296 0.0 0.0 0.0
5150 2 0.0 0.024471873 0.0 0.0 0.0
5160 2 0.0 0.024371924 0.0 0.0 0.0
5170 2 0.0 0.02439628 0.0 0.0 0.0
5180 2 0.0 0.024507739 0.0 0.0 0.0
5190 2 -0.1 0.024483383 0.09000000000000001 0.0 0.1
5200 2 0.0 0.024488293 0.0 0.0 0.0
5210 2 0.0 0.024450248 0.0 0.0 0.0
5220 2 0.0 0.024395287 0.0 0.0 0.0
5230 2 0.0 0.024425298 0.0 0.0 0.0
5240 2 0.0 0.02441121 0.0 0.0 0.0
5250 2 0.0 0.02443254 0.0 0.0 0.0
5260 2 0.0 0.024503969 0.0 0.0 0.0
5270 2 -0.1 0.024424305 0.09000000000000001 0.0 0.1
5280 2 0.0 0.024418551 0.0 0.0 0.0
5290 2 0.1 0.024431845 0.09000000000000001 0.1 0.0
5300 2 0.1 0.024429267 0.09000000000000001 0.1 0.0
5310 2 0.0 0.024401091 0.0 0.0 0.0
5320 2 -0.1 0.024513591 0.09000000000000001 0.0 0.1
5330 2 0.0 0.024397768 0.0 0.0 0.0
5340 2 0.0 0.024483135 0.0 0.0 0.0
5350 2 0.0 0.02438755 0.0 0.0 0.0
5360 2 0.0 0.024462698 0.0 0.0 0.0
5370 2 0.0 0.024449157 0.0 0.0 0.0
5380 2 0.1 0.024485813 0.09000000000000001 0.1 0.0
5390 2 0.0 0.02447391 0.0 0.0 0.0
5400 2 0.0 0.024472222 0.2 0.1 0.1
5410 2 0.0 0.024485217 0.0 0.0 0.0
5420 2 0.2 0.024386954 0.16000000000000006 0.2 0.0
5430 2 0.0 0.024475 0.0 0.0 0.0
5440 2 0.0 0.024524553 0.0 0.0 0.0
5450 2 0.0 0.024538592 0.0 0.0 0.0
5460 2 0.0 0.024449553 0.0 0.0 0.0
5470 2 0.0 0.024454612 0.0 0.0 0.0
5480 2 0.0 0.024496429 0.0 0.0 0.0
5490 2 -0.1 0.024501637 0.09000000000000001 0.0 0.1
5500 2 0.0 0.024354862 0.2 0.1 0.1
5510 2 0.0 0.024391122 0.0 0.0 0.0
5520 2 0.0 0.024494842 0.0 0.0 0.0
5530 2 0.0 0.024461012 0.0 0.0 0.0
5540 2 0.0 0.024463592 0.0 0.0 0.0
5550 2 0.0 0.02445744 0.0 0.0 0.0
5560 2 0.0 0.024487501 0.0 0.0 0.0
5570 2 0.0 0.024556547 0.0 0.0 0.0
5580 2 0.0 0.024528373 0.0 0.0 0.0
5590 2 0.0 0.024460118 0.0 0.0 0.0
5600 2 0.0 0.024405355 0.0 0.0 0.0
5610 2 0.0 0.024442656 0.0 0.0 0.0
5620 2 0.0 0.02431865 0.0 0.0 0.0
5630 2 0.0 0.024369841 0.0 0.0 0.0
5640 2 0.0 0.024409525 0.0 0.0 0.0
5650 2 0.0 0.024414089 0.0 0.0 0.0
5660 2 0.0 0.024400994 0.0 0.0 0.0
5670 2 -0.1 0.02436647 0.09000000000000001 0.0 0.1
5680 2 0.0 0.02445238 0.0 0.0 0.0
5690 2 -0.1 0.024387252 0.09000000000000001 0.0 0.1
5700 2 0.0 0.02442639 0.0 0.0 0.0
5710 2 0.0 0.024436558 0.0 0.0 0.0
5720 2 0.0 0.024398066 0.0 0.0 0.0
5730 2 0.0 0.024479812 0.0 0.0 0.0
5740 2 0.1 0.024371974 0.09000000000000001 0.1 0.0
5750 2 0.0 0.024470735 0.0 0.0 0.0
5760 2 0.0 0.02444529 0.0 0.0 0.0
5770 2 0.0 0.024453968 0.0 0.0 0.0
5780 2 0.0 0.024404217 0.0 0.0 0.0
5790 2 0.0 0.024472916 0.0 0.0 0.0
5800 2 0.0 0.02438254 0.0 0.0 0.0
5810 2 0.0 0.02441508 0.0 0.0 0.0
5820 2 0.0 0.024468454 0.0 0.0 0.0
5830 2 0.0 0.024461508 0.0 0.0 0.0
5840 2 0.1 0.024453422 0.09000000000000001 0.1 0.0
5850 2 0.0 0.024404513 0.0 0.0 0.0
5860 2 0.0 0.024412006 0.0 0.0 0.0
5870 2 -0.1 0.024400298 0.09000000000000001 0.0 0.1
5880 2 0.0 0.024492214 0.0 0.0 0.0
5890 2 0.0 0.02448239 0.0 0.0 0.0
5900 2 0.0 0.024412204 0.0 0.0 0.0
5910 2 0.0 0.024425648 0.0 0.0 0.0
5920 2 -0.1 0.024467709 0.09000000000000001 0.0 0.1
5930 2 0.0 0.024436608 0.0 0.0 0.0
5940 2 0.0 0.024464088 0.0 0.0 0.0
5950 2 0.0 0.024503173 0.0 0.0 0.0
5960 2 0.0 0.024417957 0.0 0.0 0.0
5970 2 0.0 0.024451688 0.0 0.0 0.0
5980 2 0.0 0.024457192 0.0 0.0 0.0
5990 2 0.0 0.024452778 0.0 0.0 0.0
6000 2 0.0 0.024460517 0.0 0.0 0.0
6010 2 0.0 0.024516668 0.0 0.0 0.0
6020 2 0.0 0.02446627 0.0 0.0 0.0
6030 2 0.1 0.024510913 0.09000000000000001 0.1 0.0
6040 2 0.0 0.02437887 0.0 0.0 0.0
6050 2 0.0 0.024497123 0.0 0.0 0.0
6060 2 0.0 0.024398314 0.0 0.0 0.0
6070 2 -0.1 0.024441963 0.09000000000000001 0.0 0.1
6080 2 0.0 0.02445982 0.0 0.0 0.0
6090 2 0.0 0.024458187 0.0 0.0 0.0
6100 2 0.0 0.024457589 0.0 0.0 0.0
6110 2 0.0 0.024481796 0.0 0.0 0.0
6120 2 -0.1 0.024420537 0.09000000000000001 0.0 0.1
6130 2 -0.1 0.024419744 0.09000000000000001 0.0 0.1
6140 2 0.0 0.024483781 0.0 0.0 0.0
6150 2 0.0 0.024500646 0.0 0.0 0.0
6160 2 0.0 0.024489636 0.0 0.0 0.0
6170 2 0.0 0.024398612 0.0 0.0 0.0
6180 2 0.0 0.024510616 0.0 0.0 0.0
6190 2 0.0 0.024416717 0.0 0.0 0.0
6200 2 0.0 0.02444246 0.0 0.0 0.0
6210 2 0.0 0.024500001 0.0 0.0 0.0
6220 2 0.0 0.024407143 0.0 0.0 0.0
6230 2 0.0 0.024369048 0.0 0.0 0.0
6240 2 -0.1 0.024470834 0.09000000000000001 0.0 0.1
6250 2 0.0 0.024512552 0.0 0.0 0.0
6260 2 0.0 0.024475845 0.0 0.0 0.0
6270 2 0.0 0.024486559 0.0 0.0 0.0
6280 2 0.0 0.024459375 0.0 0.0 0.0
6290 2 0.0 0.024499703 0.0 0.0 0.0
6300 2 0.0 0.024416914 0.0 0.0 0.0
6310 2 0.0 0.024367262 0.0 0.0 0.0
6320 2 0.0 0.024457738 0.0 0.0 0.0
6330 2 0.0 0.02442619 0.0 0.0 0.0
6340 2 0.0 0.024392065 0.0 0.0 0.0
6350 2 0.0 0.024465278 0.0 0.0 0.0
6360 2 0.0 0.024502182 0.0 0.0 0.0
6370 2 0.0 0.024456944 0.0 0.0 0.0
6380 2 0.0 0.024363691 0.0 0.0 0.0
6390 2 0.0 0.024457144 0.0 0.0 0.0
6400 2 0.0 0.024401985 0.0 0.0 0.0
6410 2 0.0 0.02440754 0.0 0.0 0.0
6420 2 0.0 0.024453573 0.0 0.0 0.0
6430 2 0.1 0.024456745 0.09000000000000001 0.1 0.0
6440 2 0.0 0.024411509 0.0 0.0 0.0
6450 2 0.0 0.024454365 0.0 0.0 0.0
6460 2 0.0 0.024481053 0.0 0.0 0.0
6470 2 -0.1 0.024411805 0.09000000000000001 0.0 0.1
6480 2 0.0 0.024405457 0.0 0.0 0.0
6490 2 0.0 0.024437154 0.0 0.0 0.0
6500 2 0.0 0.02444504 0.0 0.0 0.0
6510 2 0.0 0.024458036 0.0 0.0 0.0
6520 2 -0.1 0.024468305 0.09000000000000001 0.0 0.1
6530 2 -0.1 0.024421826 0.09000000000000001 0.0 0.1
6540 2 0.0 0.024472075 0.0 0.0 0.0
6550 2 0.0 0.02438105 0.0 0.0 0.0
6560 2 0.0 0.024435863 0.0 0.0 0.0
6570 2 0.0 0.02443616 0.0 0.0 0.0
6580 2 -0.1 0.024521679 0.09000000000000001 0.0 0.1
6590 2 0.0 0.024437599 0.0 0.0 0.0
6600 2 0.0 0.02436736 0.0 0.0 0.0
6610 2 0.0 0.0244497 0.0 0.0 0.0
6620 2 0.0 0.024492858 0.0 0.0 0.0
6630 2 0.0 0.02446359 0.0 0.0 0.0
6640 2 0.0 0.024386162 0.0 0.0 0.0
6650 2 0.0 0.02444107 0.0 0.0 0.0
6660 2 0.0 0.024362698 0.0 0.0 0.0
6670 2 0.0 0.024532935 0.0 0.0 0.0
6680 2 0.0 0.024462102 0.0 0.0 0.0
6690 2 0.0 0.024493452 0.0 0.0 0.0
6700 2 0.0 0.024451585 0.0 0.0 0.0
6710 2 0.0 0.024433335 0.0 0.0 0.0
6720 2 0.0 0.024512501 0.0 0.0 0.0
6730 2 0.1 0.02445273 0.09000000000000001 0.1 0.0
6740 2 0.0 0.024416517 0.0 0.0 0.0
6750 2 0.0 0.024430556 0.0 0.0 0.0
6760 2 0.0 0.024475992 0.0 0.0 0.0
6770 2 0.0 0.024464732 0.0 0.0 0.0
6780 2 0.0 0.02451468 0.0 0.0 0.0
6790 2 0.1 0.024473116 0.09000000000000001 0.1 0.0
6800 2 0.0 0.02448993 0.0 0.0 0.0
6810 2 0.0 0.024437698 0.0 0.0 0.0
6820 2 0.1 0.024463244 0.09000000000000001 0.1 0.0
6830 2 0.0 0.024453027 0.0 0.0 0.0
6840 2 0.0 0.024504464 0.0 0.0 0.0
6850 2 0.0 0.024427678 0.0 0.0 0.0
6860 2 0.0 0.024464386 0.0 0.0 0.0
6870 2 0.0 0.024396727 0.0 0.0 0.0
6880 2 0.0 0.02447768 0.0 0.0 0.0
6890 2 0.0 0.02442758 0.0 0.0 0.0
6900 2 0.0 0.024459723 0.0 0.0 0.0
6910 2 0.0 0.02445238 0.0 0.0 0.0
6920 2 0.0 0.024399405 0.0 0.0 0.0
6930 2 0.0 0.024446428 0.0 0.0 0.0
6940 2 0.0 0.024470637 0.0 0.0 0.0
6950 2 0.0 0.024425002 0.0 0.0 0.0
6960 2 -0.1 0.024399802 0.09000000000000001 0.0 0.1
6970 2 0.1 0.024510367 0.09000000000000001 0.1 0.0
6980 2 0.0 0.02446364 0.0 0.0 0.0
6990 2 -0.1 0.02443844 0.09000000000000001 0.0 0.1
7000 2 0.0 0.024462847 0.0 0.0 0.0
7010 2 0.0 0.024566121 0.0 0.0 0.0
7020 2 0.0 0.02438472 0.0 0.0 0.0
7030 2 0.0 0.024463244 0.0 0.0 0.0
7040 2 0.0 0.024475696 0.0 0.0 0.0
7050 2 -0.1 0.02446146 0.29000000000000004 0.1 0.2
7060 2 0.0 0.024458928 0.0 0.0 0.0
7070 2 0.0 0.024441715 0.0 0.0 0.0
7080 2 0.0 0.024394048 0.0 0.0 0.0
7090 2 0.0 0.024482094 0.0 0.0 0.0
7100 2 0.0 0.02445645 0.0 0.0 0.0
7110 2 0.1 0.024538392 0.09000000000000001 0.1 0.0
7120 2 0.0 0.024444742 0.0 0.0 0.0
7130 2 0.0 0.024425596 0.0 0.0 0.0
7140 2 -0.1 0.024450744 0.09000000000000001 0.0 0.1
7150 2 0.0 0.024428671 0.0 0.0 0.0
7160 2 0.0 0.024360217 0.0 0.0 0.0
7170 2 0.0 0.024483632 0.0 0.0 0.0
7180 2 0.0 0.024437103 0.0 0.0 0.0
7190 2 0.0 0.024428772 0.0 0.0 0.0
7200 2 0.0 0.024458729 0.0 0.0 0.0
7210 2 0.1 0.024478026 0.09000000000000001 0.1 0.0
7220 2 0.0 0.024481548 0.0 0.0 0.0
7230 2 0.0 0.024480555 0.0 0.0 0.0
7240 2 0.0 0.024461905 0.0 0.0 0.0
7250 2 0.1 0.024470635 0.09000000000000001 0.1 0.0
7260 2 0.0 0.024468353 0.0 0.0 0.0
7270 2 0.0 0.024367312 0.0 0.0 0.0
7280 2 -0.1 0.024405159 0.09000000000000001 0.0 0.1
7290 2 0.0 0.024494842 0.0 0.0 0.0
7300 2 0.0 0.024494098 0.0 0.0 0.0
7310 2 0.0 0.024480158 0.0 0.0 0.0
7320 2 0.0 0.024455953 0.0 0.0 0.0
7330 2 0.0 0.024391072 0.0 0.0 0.0
7340 2 0.0 0.024508135 0.0 0.0 0.0
7350 2 0.0 0.024437748 0.0 0.0 0.0
7360 2 0.0 0.02435417 0.0 0.0 0.0
7370 2 -0.1 0.024428075 0.09000000000000001 0.0 0.1
7380 2 0.0 0.024466867 0.0 0.0 0.0
7390 2 0.0 0.024437252 0.0 0.0 0.0
7400 2 0.0 0.024372024 0.0 0.0 0.0
7410 2 0.0 0.02439772 0.0 0.0 0.0
7420 2 0.0 0.024387104 0.0 0.0 0.0
7430 2 0.0 0.024463987 0.0 0.0 0.0
7440 2 0.0 0.02449385 0.0 0.0 0.0
7450 2 0.0 0.024367858 0.0 0.0 0.0
7460 2 0.0 0.024397818 0.0 0.0 0.0
7470 2 0.0 0.024528373 0.0 0.0 0.0
7480 2 -0.1 0.02437862 0.09000000000000001 0.0 0.1
7490 2 0.0 0.024401786 0.0 0.0 0.0
7500 2 0.0 0.024447221 0.0 0.0 0.0
7510 2 0.0 0.024425844 0.0 0.0 0.0
7520 2 0.0 0.024340576 0.0 0.0 0.0
7530 2 0.0 0.024480158 0.0 0.0 0.0
7540 2 0.0 0.024481647 0.0 0.0 0.0
7550 2 0.0 0.024434524 0.0 0.0 0.0
7560 2 0.1 0.024476588 0.09000000000000001 0.1 0.0
7570 2 0.0 0.024392212 0.0 0.0 0.0
7580 2 -0.2 0.024493452 0.16000000000000006 0.0 0.2
7590 2 0.0 0.024543552 0.0 0.0 0.0
7600 2 0.0 0.024387153 0.0 0.0 0.0
7610 2 0.0 0.024500646 0.0 0.0 0.0
7620 2 0.0 0.024396429 0.0 0.0 0.0
7630 2 0.0 0.024461212 0.0 0.0 0.0
7640 2 0.0 0.024428422 0.0 0.0 0.0
7650 2 0.0 0.024419842 0.0 0.0 0.0
7660 2 0.0 0.024410915 0.0 0.0 0.0
7670 2 0.0 0.024471628 0.0 0.0 0.0
7680 2 0.0 0.024443848 0.0 0.0 0.0
7690 2 0.0 0.024535716 0.0 0.0 0.0
7700 2 0.0 0.024485119 0.0 0.0 0.0
7710 2 -0.1 0.024505952 0.09000000000000001 0.0 0.1
7720 2 0.0 0.024430953 0.0 0.0 0.0
7730 2 0.0 0.024473215 0.0 0.0 0.0
7740 2 0.0 0.024401588 0.0 0.0 0.0
7750 2 0.0 0.02449509 0.0 0.0 0.0
7760 2 0.0 0.024410715 0.0 0.0 0.0
7770 2 0.0 0.024464088 0.0 0.0 0.0
7780 2 0.0 0.024455557 0.0 0.0 0.0
7790 2 0.0 0.02439881 0.0 0.0 0.0
7800 2 0.0 0.02446746 0.0 0.0 0.0
7810 2 0.0 0.024466468 0.0 0.0 0.0
7820 2 0.0 0.024425793 0.0 0.0 0.0
7830 2 0.0 0.024467658 0.0 0.0 0.0
7840 2 0.0 0.024468254 0.0 0.0 0.0
7850 2 0.0 0.02445119 0.0 0.0 0.0
7860 2 0.0 0.024420239 0.0 0.0 0.0
7870 2 0.0 0.024511112 0.0 0.0 0.0
7880 2 0.1 0.024470685 0.09000000000000001 0.1 0.0
7890 2 0.0 0.024437303 0.0 0.0 0.0
7900 2 0.0 0.024405804 0.0 0.0 0.0
7910 2 0.1 0.024395835 0.09000000000000001 0.1 0.0
7920 2 0.0 0.024376735 0.0 0.0 0.0
7930 2 0.0 0.024350397 0.0 0.0 0.0
7940 2 0.0 0.024407588 0.0 0.0 0.0
7950 2 0.0 0.02448616 0.0 0.0 0.0
7960 2 0.0 0.024455953 0.0 0.0 0.0
7970 2 0.1 0.024373414 0.09000000000000001 0.1 0.0
7980 2 0.0 0.024489386 0.0 0.0 0.0
7990 2 0.0 0.024426587 0.0 0.0 0.0
8000 2 -0.1 0.02442867 0.09000000000000001 0.0 0.1
