GAME_NUMBER Max_Score mavg_score mavg_loss var_score mavg_food mavg_poison 
10 2 -0.4 0.004028759 2.2399999999999998 1.4 1.8
20 2 -0.6 0.0045261574 1.8399999999999999 1.4 2.0
30 3 0.6 0.004337853 3.04 1.7 1.1
40 3 0.6 0.004507381 2.84 1.8 1.2
50 4 0.5 0.004518058 3.65 1.8 1.3
60 5 0.7 0.0043467763 4.61 2.2 1.5
70 5 0.4 0.004844236 7.640000000000001 2.4 2.0
80 5 -1.5 0.0055709495 8.45 1.9 3.4
90 5 -1.3 0.005904165 2.8099999999999996 1.5 2.8
100 5 0.9 0.0065306844 4.09 3.2 2.3
110 5 1.2 0.0070766783 1.7600000000000002 2.4 1.2
120 5 -0.1 0.006948604 2.4899999999999998 0.9 1.0
130 5 0.4 0.006572042 5.640000000000001 2.1 1.7
140 5 0.0 0.0066552605 4.0 2.0 2.0
150 5 1.0 0.0066349967 2.2 2.4 1.4
160 5 -0.1 0.0062642447 5.890000000000001 3.0 3.1
170 5 -0.5 0.0061208596 5.05 2.2 2.7
180 6 1.1 0.0066095847 6.69 3.1 2.0
190 6 0.3 0.0069531146 4.21 1.6 1.3
200 6 0.6 0.006597428 2.44 1.8 1.2
210 6 -2.1 0.0066186273 9.290000000000003 1.4 3.5
220 6 -0.5 0.006984976 1.85 1.2 1.7
230 6 0.3 0.0069265645 1.81 1.8 1.5
240 6 -0.6 0.005908625 1.2399999999999998 0.6 1.2
250 6 -0.7 0.004974178 0.8099999999999998 0.0 0.7
260 6 -0.7 0.004589876 2.0099999999999993 0.4 1.1
270 6 -0.5 0.0043994333 0.45 0.0 0.5
280 6 -0.4 0.0029291075 0.24000000000000005 0.1 0.5
290 6 0.0 0.0021112496 0.8 0.5 0.5
300 6 -0.2 0.0015296807 0.9599999999999997 0.2 0.4
310 6 0.1 0.0011903646 0.09000000000000001 0.1 0.0
320 6 0.3 0.00096006045 1.6099999999999999 1.1 0.8
330 6 0.4 0.0012011904 0.8399999999999999 1.1 0.7
340 6 0.1 0.0016042372 2.89 1.7 1.6
350 6 0.9 0.002455275 2.2900000000000005 2.6 1.7
360 6 0.3 0.003336812 4.01 1.9 1.6
370 7 -0.3 0.00444517 11.81 3.0 3.3
380 7 -0.6 0.006089114 3.6399999999999997 2.6 3.2
390 7 0.2 0.006576854 1.5599999999999998 1.0 0.8
400 7 -0.8 0.006983991 2.36 1.9 2.7
410 7 -0.6 0.0070221997 2.2399999999999998 1.0 1.6
420 7 -0.3 0.006577094 4.01 1.5 1.8
430 7 0.3 0.006680541 1.61 1.2 0.9
440 7 0.4 0.005424631 3.6400000000000006 1.8 1.4
450 7 0.1 0.0050606956 2.29 2.8 2.7
460 7 -0.9 0.005713973 5.29 2.1 3.0
470 7 0.2 0.0060478197 4.5600000000000005 2.1 1.9
480 7 -0.2 0.0062860274 4.160000000000001 2.7 2.9
490 7 -0.2 0.0065703923 2.3600000000000003 1.4 1.6
500 7 0.3 0.0070629613 5.610000000000001 2.8 2.5
510 7 0.2 0.0075032027 2.7600000000000002 1.8 1.6
520 7 -0.2 0.007336186 5.5600000000000005 2.0 2.2
530 7 1.1 0.0070338408 3.2900000000000005 2.4 1.3
540 7 0.9 0.0070709195 2.29 2.2 1.3
550 7 -0.1 0.0067181494 5.69 2.1 2.2
560 7 0.3 0.0069697523 3.01 2.9 2.6
570 7 -0.2 0.006603856 1.7600000000000002 0.9 1.1
580 7 0.1 0.0058405586 3.09 0.8 0.7
590 7 0.4 0.0055862474 1.8399999999999999 1.7 1.3
600 7 0.1 0.005300209 3.69 1.1 1.0
610 7 0.1 0.0047672074 1.69 1.5 1.4
620 7 0.6 0.0043614586 1.64 2.4 1.8
630 7 0.0 0.0044755754 2.0 1.7 1.7
640 7 -0.6 0.004697725 4.040000000000001 1.8 2.4
650 7 1.0 0.0049636825 0.8 2.5 1.5
660 7 -0.4 0.005432282 3.2399999999999998 2.2 2.6
670 7 -0.1 0.006367486 5.090000000000002 2.0 2.1
680 7 0.1 0.0063257827 7.090000000000001 2.2 2.1
690 7 -0.1 0.007090566 1.89 2.1 2.2
700 7 0.7 0.0072286846 6.21 3.3 2.6
710 7 1.1 0.008030581 5.69 4.2 3.1
720 7 -1.0 0.008809884 9.2 2.0 3.0
730 7 0.8 0.009425003 7.159999999999999 3.6 2.8
740 7 -1.1 0.010611006 6.69 2.4 3.5
750 7 0.0 0.0109547395 4.2 3.8 3.8
760 7 -0.9 0.012004577 4.090000000000001 1.9 2.8
770 10 1.1 0.01159196 14.09 4.7 3.6
780 10 -0.5 0.012082435 2.65 2.1 2.6
790 10 0.0 0.012463827 8.2 3.4 3.4
800 10 -1.9 0.011556459 7.6899999999999995 2.4 4.3
810 10 0.4 0.011948145 3.44 3.4 3.0
820 10 1.2 0.010900023 9.16 3.4 2.2
830 10 -0.2 0.010883222 7.760000000000001 2.1 2.3
840 10 0.2 0.009961308 6.960000000000001 2.3 2.1
850 10 0.9 0.00969721 3.29 3.3 2.4
860 10 0.5 0.009373819 6.05 3.8 3.3
870 10 -0.8 0.009460161 11.959999999999999 2.2 3.0
880 10 0.2 0.00895329 1.9600000000000004 2.6 2.4
890 10 -0.3 0.008745513 2.4099999999999993 2.3 2.6
900 10 -0.6 0.008757332 2.44 1.9 2.5
910 10 -0.4 0.008402751 4.44 2.0 2.4
920 10 1.3 0.008791238 5.410000000000001 4.2 2.9
930 10 -0.7 0.008660643 6.209999999999999 2.7 3.4
940 10 -0.7 0.008425064 8.01 2.5 3.2
950 10 -0.6 0.009329012 4.840000000000001 2.8 3.4
960 10 0.9 0.009312434 4.289999999999999 2.9 2.0
970 10 -0.5 0.009690003 6.25 3.7 4.2
980 10 0.5 0.010700806 4.85 3.0 2.5
990 10 0.5 0.011824488 4.85 5.2 4.7
1000 10 -0.2 0.011962058 2.56 4.2 4.4
1010 10 2.2 0.01209131 4.5600000000000005 4.4 2.2
1020 10 -0.1 0.0130121615 11.889999999999999 5.1 5.2
1030 10 -0.4 0.014617901 14.039999999999997 5.5 5.9
1040 10 0.5 0.016238987 6.05 4.8 4.3
1050 10 1.7 0.016725997 7.01 5.6 3.9
1060 10 0.5 0.016610816 12.25 5.4 4.9
1070 10 -0.1 0.01703805 9.489999999999998 4.8 4.9
1080 10 0.0 0.017866822 3.4 3.7 3.7
1090 10 1.2 0.017583627 7.760000000000001 5.6 4.4
1100 10 -0.2 0.017289879 9.16 5.5 5.7
1110 10 -2.0 0.016972266 6.2 3.5 5.5
1120 10 -1.1 0.016808528 11.290000000000001 2.6 3.7
1130 10 -1.7 0.016278518 10.010000000000002 3.3 5.0
1140 10 -0.5 0.015482607 5.85 2.1 2.6
1150 10 -0.7 0.014338163 3.810000000000001 2.3 3.0
1160 10 0.4 0.013744812 6.4399999999999995 3.7 3.3
1170 10 -0.6 0.01201113 4.84 1.8 2.4
1180 10 0.5 0.010529563 2.05 1.7 1.2
1190 10 0.7 0.009277157 5.410000000000001 2.3 1.6
1200 10 -0.3 0.008217969 3.21 1.5 1.8
1210 10 -0.1 0.007456892 2.29 1.2 1.3
1220 10 0.6 0.0061680255 4.840000000000001 1.6 1.0
1230 10 -0.5 0.004833688 3.65 0.9 1.4
1240 10 0.3 0.0042527546 1.6099999999999999 1.3 1.0
1250 10 -1.0 0.004155283 2.6 0.6 1.6
1260 10 0.4 0.0036082347 0.6400000000000001 1.0 0.6
1270 10 -0.2 0.002850531 0.76 0.5 0.7
1280 10 -0.8 0.0027434335 0.76 0.2 1.0
1290 10 -0.3 0.0021959739 0.8099999999999999 0.4 0.7
1300 10 0.0 0.0017285071 0.4 0.4 0.4
1310 10 -0.1 0.0014844545 0.49000000000000005 0.3 0.4
1320 10 -0.2 0.0011987098 0.36000000000000004 0.2 0.4
1330 10 -0.2 0.0009031044 0.16000000000000006 0.0 0.2
1340 10 0.1 0.00074082846 0.29000000000000004 0.2 0.1
1350 10 0.1 0.0005381862 0.49000000000000005 0.3 0.2
1360 10 0.1 0.00041272247 0.29000000000000004 0.3 0.2
1370 10 -0.1 0.00035440864 0.2899999999999999 0.1 0.2
1380 10 -0.4 0.00031954015 1.44 0.3 0.7
1390 10 0.0 0.00033069373 0.2 0.1 0.1
1400 10 0.0 0.00029893478 0.0 0.0 0.0
1410 10 -0.1 0.0002711082 0.09000000000000001 0.0 0.1
1420 10 -0.2 0.00023963198 0.56 0.1 0.3
1430 10 -0.2 0.000244857 0.16000000000000006 0.0 0.2
1440 10 -0.2 0.00020047622 0.16000000000000006 0.0 0.2
1450 10 0.1 0.00013755483 0.29 0.2 0.1
1460 10 0.1 9.69764e-05 0.09000000000000001 0.1 0.0
1470 10 0.1 0.0001132548 0.2899999999999999 0.2 0.1
1480 10 0.0 0.00011083469 0.0 0.0 0.0
1490 10 0.2 7.79167e-05 0.16000000000000003 0.2 0.0
1500 10 0.0 4.851914e-05 0.0 0.0 0.0
1510 10 0.0 3.883004e-05 0.2 0.1 0.1
1520 10 0.2 2.8373379e-05 0.16000000000000006 0.2 0.0
1530 10 0.0 2.7441793e-05 0.0 0.0 0.0
1540 10 0.0 1.8138422e-05 0.0 0.0 0.0
1550 10 0.0 2.2788356e-05 0.2 0.1 0.1
1560 10 0.1 2.8366927e-05 0.09000000000000001 0.1 0.0
1570 10 0.0 2.7361202e-05 0.0 0.0 0.0
1580 10 -0.1 2.6661706e-05 0.09000000000000001 0.0 0.1
1590 10 0.0 1.581104e-05 0.0 0.0 0.0
1600 10 0.0 1.6818578e-05 0.0 0.0 0.0
1610 10 0.0 2.1546977e-05 0.0 0.0 0.0
1620 10 0.0 8.219888e-06 0.0 0.0 0.0
1630 10 -0.2 9.300596e-06 0.16000000000000006 0.0 0.2
1640 10 -0.1 2.2758986e-05 0.29000000000000004 0.1 0.2
1650 10 0.0 3.7401926e-05 0.2 0.1 0.1
1660 10 -0.1 3.342682e-05 0.09000000000000001 0.0 0.1
1670 10 0.1 3.952897e-05 0.09000000000000001 0.1 0.0
1680 10 0.0 4.4827386e-05 0.0 0.0 0.0
1690 10 0.0 4.6764413e-05 0.2 0.1 0.1
1700 10 0.0 4.4700882e-05 0.0 0.0 0.0
1710 10 0.0 3.5016365e-05 0.2 0.1 0.1
1720 10 0.2 2.5043892e-05 0.16000000000000006 0.2 0.0
1730 10 -0.1 2.5114783e-05 0.09000000000000001 0.0 0.1
1740 10 0.0 2.697278e-05 0.0 0.0 0.0
1750 10 0.0 2.8831848e-05 0.0 0.0 0.0
1760 10 0.0 1.953125e-05 0.0 0.0 0.0
1770 10 -0.1 1.90673e-05 0.09000000000000001 0.0 0.1
1780 10 0.0 1.3952963e-05 0.0 0.0 0.0
1790 10 0.0 1.4750586e-05 0.2 0.1 0.1
1800 10 0.0 1.0386509e-05 0.0 0.0 0.0
1810 10 0.1 9.145649e-06 0.09000000000000001 0.1 0.0
1820 10 0.3 2.0076184e-05 0.20999999999999996 0.3 0.0
1830 10 -0.2 2.9445442e-05 0.16000000000000006 0.0 0.2
1840 10 0.1 2.8600833e-05 0.09000000000000001 0.1 0.0
1850 10 -0.1 2.511186e-05 0.09000000000000001 0.0 0.1
1860 10 0.0 2.7439793e-05 0.0 0.0 0.0
1870 10 0.1 3.673853e-05 0.2899999999999999 0.2 0.1
1880 10 -0.3 3.8132446e-05 0.20999999999999996 0.0 0.3
1890 10 -0.1 4.6502988e-05 0.09000000000000001 0.0 0.1
1900 10 -0.1 3.4412213e-05 0.09000000000000001 0.0 0.1
1910 10 0.0 2.9296874e-05 0.0 0.0 0.0
1920 10 0.0 3.7205482e-05 0.2 0.1 0.1
1930 10 0.0 3.5808065e-05 0.0 0.0 0.0
1940 10 0.2 1.9066634e-05 0.16000000000000006 0.2 0.0
1950 10 0.1 2.18564e-05 0.09000000000000001 0.1 0.0
1960 10 0.0 1.674107e-05 0.0 0.0 0.0
1970 10 0.0 2.2321428e-05 0.2 0.1 0.1
1980 10 -0.1 2.604173e-05 0.09000000000000001 0.0 0.1
1990 10 0.0 2.1857131e-05 0.0 0.0 0.0
2000 10 0.0 1.8136192e-05 0.0 0.0 0.0
2010 10 0.1 1.7206126e-05 0.09000000000000001 0.1 0.0
2020 10 0.0 1.3950894e-05 0.0 0.0 0.0
2030 10 0.1 1.3485863e-05 0.09000000000000001 0.1 0.0
2040 10 0.0 8.8355655e-06 0.0 0.0 0.0
2050 10 0.1 1.0695685e-05 0.09000000000000001 0.1 0.0
2060 10 -0.1 1.9066221e-05 0.09000000000000001 0.0 0.1
2070 10 0.0 1.3485979e-05 0.0 0.0 0.0
2080 10 -0.1 9.300596e-06 0.09000000000000001 0.0 0.1
2090 10 0.0 1.2091235e-05 0.0 0.0 0.0
2100 10 0.0 7.443178e-06 0.0 0.0 0.0
2110 10 0.1 1.1625754e-05 0.09000000000000001 0.1 0.0
2120 10 0.0 1.1160714e-05 0.0 0.0 0.0
2130 10 0.0 6.975447e-06 0.2 0.1 0.1
2140 10 0.1 1.6741142e-05 0.09000000000000001 0.1 0.0
2150 10 0.0 1.2555804e-05 0.0 0.0 0.0
2160 10 -0.2 2.232143e-05 0.36000000000000004 0.1 0.3
2170 10 -0.1 2.7901784e-05 0.09000000000000001 0.0 0.1
2180 10 0.0 2.9762477e-05 0.0 0.0 0.0
2190 10 0.0 2.2786473e-05 0.2 0.1 0.1
2200 10 0.0 3.1156993e-05 0.0 0.0 0.0
2210 10 0.0 2.9296874e-05 0.2 0.1 0.1
2220 10 0.0 3.069197e-05 0.0 0.0 0.0
2230 10 0.0 1.9066227e-05 0.2 0.1 0.1
2240 10 -0.1 2.18564e-05 0.09000000000000001 0.0 0.1
2250 10 0.0 1.7671131e-05 0.0 0.0 0.0
2260 10 0.2 2.9296874e-05 0.16000000000000006 0.2 0.0
2270 10 0.0 2.4181549e-05 0.0 0.0 0.0
2280 10 0.2 2.8366816e-05 0.16000000000000006 0.2 0.0
2290 10 0.0 2.0461312e-05 0.0 0.0 0.0
2300 10 0.0 1.8136161e-05 0.0 0.0 0.0
2310 10 -0.1 1.3485865e-05 0.09000000000000001 0.0 0.1
2320 10 -0.2 9.300596e-06 0.16000000000000006 0.0 0.2
2330 10 -0.1 1.953125e-05 0.09000000000000001 0.0 0.1
2340 10 0.0 2.092634e-05 0.0 0.0 0.0
2350 10 0.0 1.4880951e-05 0.0 0.0 0.0
2360 10 0.0 1.25558045e-05 0.0 0.0 0.0
2370 10 0.2 1.72061e-05 0.16000000000000006 0.2 0.0
2380 10 -0.1 2.3251489e-05 0.09000000000000001 0.0 0.1
2390 10 -0.1 2.232143e-05 0.09000000000000001 0.0 0.1
2400 10 -0.1 2.0461312e-05 0.09000000000000001 0.0 0.1
2410 10 -0.1 2.139137e-05 0.29000000000000004 0.1 0.2
2420 10 0.0 3.0691965e-05 0.0 0.0 0.0
2430 10 -0.1 3.2087057e-05 0.09000000000000001 0.0 0.1
2440 10 0.0 2.5111607e-05 0.0 0.0 0.0
2450 10 0.1 2.278646e-05 0.09000000000000001 0.1 0.0
2460 10 0.0 2.3251489e-05 0.2 0.1 0.1
2470 10 0.0 3.2552085e-05 0.2 0.1 0.1
2480 10 0.0 2.18564e-05 0.0 0.0 0.0
2490 10 0.0 1.6276043e-05 0.0 0.0 0.0
2500 10 0.1 2.1391368e-05 0.09000000000000001 0.1 0.0
2510 10 -0.1 2.3716519e-05 0.09000000000000001 0.0 0.1
2520 10 0.0 2.5111607e-05 0.0 0.0 0.0
2530 10 0.1 2.18564e-05 0.09000000000000001 0.1 0.0
2540 10 -0.1 1.4415924e-05 0.09000000000000001 0.0 0.1
2550 10 0.0 1.3485865e-05 0.0 0.0 0.0
2560 10 0.0 1.3020834e-05 0.0 0.0 0.0
2570 10 0.1 1.0230655e-05 0.09000000000000001 0.1 0.0
2580 10 0.0 1.5345982e-05 0.0 0.0 0.0
2590 10 -0.1 1.2090773e-05 0.09000000000000001 0.0 0.1
2600 10 0.1 1.3950894e-05 0.09000000000000001 0.1 0.0
2610 10 0.1 1.7206103e-05 0.09000000000000001 0.1 0.0
2620 10 0.1 1.72061e-05 0.09000000000000001 0.1 0.0
2630 10 -0.1 2.046131e-05 0.09000000000000001 0.0 0.1
2640 10 0.1 2.2786458e-05 0.09000000000000001 0.1 0.0
2650 10 0.1 1.9066221e-05 0.09000000000000001 0.1 0.0
2660 10 0.1 1.953125e-05 0.09000000000000001 0.1 0.0
2670 10 0.0 2.836682e-05 0.2 0.1 0.1
2680 10 -0.1 3.859747e-05 0.29 0.1 0.2
2690 10 0.0 3.348214e-05 0.0 0.0 0.0
2700 10 0.1 3.2552085e-05 0.09000000000000001 0.1 0.0
2710 10 0.0 3.3482145e-05 0.0 0.0 0.0
2720 10 0.0 2.3251638e-05 0.0 0.0 0.0
2730 10 0.0 2.8831848e-05 0.2 0.1 0.1
2740 10 0.1 2.18564e-05 0.09000000000000001 0.1 0.0
2750 10 0.0 1.9996281e-05 0.0 0.0 0.0
2760 10 0.0 1.3485865e-05 0.0 0.0 0.0
2770 10 0.0 1.4415924e-05 0.0 0.0 0.0
2780 10 0.2 1.6741073e-05 0.16000000000000006 0.2 0.0
2790 10 0.1 2.092634e-05 0.09000000000000001 0.1 0.0
2800 10 -0.1 1.3485865e-05 0.09000000000000001 0.0 0.1
2810 10 0.0 1.1625744e-05 0.0 0.0 0.0
2820 10 -0.1 1.4881447e-05 0.09000000000000001 0.0 0.1
2830 10 0.3 2.5111722e-05 0.41 0.4 0.1
2840 10 0.1 3.9527695e-05 0.09000000000000001 0.1 0.0
2850 10 -0.3 4.092262e-05 0.20999999999999996 0.0 0.3
2860 10 0.0 3.0691965e-05 0.2 0.1 0.1
2870 10 0.2 3.5342262e-05 0.16000000000000006 0.2 0.0
2880 10 0.0 3.952753e-05 0.0 0.0 0.0
2890 10 0.1 3.7202382e-05 0.09000000000000001 0.1 0.0
2900 10 0.2 3.4877234e-05 0.16000000000000006 0.2 0.0
2910 10 0.1 3.44122e-05 0.09000000000000001 0.1 0.0
2920 10 0.0 3.4877234e-05 0.0 0.0 0.0
2930 10 -0.1 1.8601191e-05 0.09000000000000001 0.0 0.1
2940 10 -0.1 1.953125e-05 0.09000000000000001 0.0 0.1
2950 10 0.0 2.2786458e-05 0.0 0.0 0.0
2960 10 0.0 1.4415924e-05 0.0 0.0 0.0
2970 10 0.0 1.8601191e-05 0.0 0.0 0.0
2980 10 0.0 7.4404766e-06 0.0 0.0 0.0
2990 10 -0.1 8.370536e-06 0.09000000000000001 0.0 0.1
3000 10 0.0 1.3020834e-05 0.2 0.1 0.1
3010 10 0.1 1.2090774e-05 0.09000000000000001 0.1 0.0
3020 10 -0.1 1.7671131e-05 0.2899999999999999 0.1 0.2
3030 10 0.0 2.4646579e-05 0.0 0.0 0.0
3040 10 0.1 3.0691965e-05 0.09000000000000001 0.1 0.0
3050 10 0.0 2.4181549e-05 0.0 0.0 0.0
3060 10 0.1 3.0226936e-05 0.09000000000000001 0.1 0.0
3070 10 0.1 2.5576637e-05 0.09000000000000001 0.1 0.0
3080 10 -0.1 1.9066221e-05 0.09000000000000001 0.0 0.1
3090 10 -0.1 1.8601191e-05 0.09000000000000001 0.0 0.1
3100 10 0.0 1.4880953e-05 0.0 0.0 0.0
3110 10 -0.2 1.9066221e-05 0.16000000000000006 0.0 0.2
3120 10 0.0 1.9066221e-05 0.0 0.0 0.0
3130 10 0.0 2.371652e-05 0.0 0.0 0.0
3140 10 0.0 1.5811012e-05 0.0 0.0 0.0
3150 10 0.0 1.0230655e-05 0.0 0.0 0.0
3160 10 0.1 1.0695684e-05 0.09000000000000001 0.1 0.0
3170 10 0.0 1.0695685e-05 0.0 0.0 0.0
3180 10 0.2 9.3005957e-07 0.16000000000000006 0.2 0.0
3190 10 0.0 9.765625e-06 0.2 0.1 0.1
3200 10 -0.1 2.3716519e-05 0.29 0.1 0.2
3210 10 -0.1 2.8831848e-05 0.09000000000000001 0.0 0.1
3220 10 0.0 2.9296874e-05 0.0 0.0 0.0
3230 10 0.2 2.6041667e-05 0.36000000000000004 0.3 0.1
3240 10 0.0 3.1156997e-05 0.0 0.0 0.0
3250 10 0.0 2.9296874e-05 0.2 0.1 0.1
3260 10 0.0 3.0691965e-05 0.0 0.0 0.0
3270 10 0.0 2.4646579e-05 0.2 0.1 0.1
3280 10 0.0 2.139137e-05 0.0 0.0 0.0
3290 10 0.2 3.0226935e-05 0.16000000000000006 0.2 0.0
3300 10 0.0 2.2321428e-05 0.0 0.0 0.0
3310 10 -0.1 1.953125e-05 0.09000000000000001 0.0 0.1
3320 10 0.0 1.6276043e-05 0.0 0.0 0.0
3330 10 0.2 1.8601191e-05 0.16000000000000006 0.2 0.0
3340 10 0.0 2.046131e-05 0.2 0.1 0.1
3350 10 -0.1 2.836682e-05 0.09000000000000001 0.0 0.1
3360 10 -0.2 3.1622025e-05 0.16000000000000006 0.0 0.2
3370 10 0.0 2.2786458e-05 0.0 0.0 0.0
3380 10 0.0 2.6506697e-05 0.2 0.1 0.1
3390 10 0.0 2.6506697e-05 0.0 0.0 0.0
3400 10 0.0 2.7436758e-05 0.0 0.0 0.0
3410 10 -0.1 1.3020834e-05 0.09000000000000001 0.0 0.1
3420 10 0.1 1.9996281e-05 0.09000000000000001 0.1 0.0
3430 10 0.0 1.8601191e-05 0.0 0.0 0.0
3440 10 0.1 1.9066221e-05 0.09000000000000001 0.1 0.0
3450 10 0.1 1.7206103e-05 0.09000000000000001 0.1 0.0
3460 10 -0.1 1.6741073e-05 0.09000000000000001 0.0 0.1
3470 10 0.1 2.1391372e-05 0.09000000000000001 0.1 0.0
3480 10 0.1 1.8136161e-05 0.09000000000000001 0.1 0.0
3490 10 0.0 2.3251489e-05 0.0 0.0 0.0
3500 10 0.0 2.046131e-05 0.0 0.0 0.0
3510 10 0.1 1.4880955e-05 0.09000000000000001 0.1 0.0
3520 10 0.0 1.1160713e-05 0.0 0.0 0.0
3530 10 -0.1 9.300596e-06 0.09000000000000001 0.0 0.1
3540 10 0.0 9.765625e-06 0.0 0.0 0.0
3550 10 0.2 1.3485865e-05 0.16000000000000006 0.2 0.0
3560 10 0.0 1.2090774e-05 0.0 0.0 0.0
3570 10 0.0 1.3020835e-05 0.0 0.0 0.0
3580 10 0.0 1.2555804e-05 0.2 0.1 0.1
3590 10 0.0 1.5811012e-05 0.0 0.0 0.0
3600 10 -0.1 1.3020834e-05 0.09000000000000001 0.0 0.1
3610 10 0.1 1.5345982e-05 0.09000000000000001 0.1 0.0
3620 10 0.1 1.5811014e-05 0.09000000000000001 0.1 0.0
3630 10 0.0 2.3251489e-05 0.2 0.1 0.1
3640 10 0.0 2.7436758e-05 0.2 0.1 0.1
3650 10 -0.1 2.3251489e-05 0.09000000000000001 0.0 0.1
3660 10 -0.1 2.3716517e-05 0.09000000000000001 0.0 0.1
3670 10 0.2 3.6737354e-05 0.16000000000000006 0.2 0.0
3680 10 -0.3 3.3482145e-05 0.41000000000000003 0.1 0.4
3690 10 -0.2 4.2317708e-05 0.16000000000000006 0.0 0.2
3700 10 -0.1 5.2548363e-05 0.09000000000000001 0.0 0.1
3710 10 -0.3 3.6272322e-05 0.20999999999999996 0.0 0.3
3720 10 0.0 4.2782744e-05 0.2 0.1 0.1
3730 10 0.0 4.7433037e-05 0.0 0.0 0.0
3740 10 0.0 3.859747e-05 0.0 0.0 0.0
3750 10 0.2 3.7202382e-05 0.16000000000000006 0.2 0.0
3760 10 -0.1 2.697173e-05 0.09000000000000001 0.0 0.1
3770 10 0.3 2.6971726e-05 0.20999999999999996 0.3 0.0
3780 10 0.1 2.5577328e-05 0.09000000000000001 0.1 0.0
3790 10 -0.1 2.5576637e-05 0.09000000000000001 0.0 0.1
3800 10 0.1 2.7436758e-05 0.09000000000000001 0.1 0.0
3810 10 0.1 2.7901784e-05 0.09000000000000001 0.1 0.0
3820 10 -0.1 2.6041667e-05 0.09000000000000001 0.0 0.1
3830 10 0.0 2.5576639e-05 0.0 0.0 0.0
3840 10 -0.1 1.8136161e-05 0.09000000000000001 0.0 0.1
3850 10 0.0 2.5576637e-05 0.0 0.0 0.0
3860 10 -0.2 1.3020834e-05 0.16000000000000006 0.0 0.2
3870 10 0.1 2.5576639e-05 0.09000000000000001 0.1 0.0
3880 10 -0.1 2.232143e-05 0.09000000000000001 0.0 0.1
3890 10 0.1 1.8601191e-05 0.09000000000000001 0.1 0.0
3900 10 -0.1 2.7901784e-05 0.29000000000000004 0.1 0.2
3910 10 0.0 2.2321428e-05 0.0 0.0 0.0
3920 10 -0.1 2.7901784e-05 0.09000000000000001 0.0 0.1
3930 10 -0.1 3.3482145e-05 0.09000000000000001 0.0 0.1
3940 10 -0.1 2.4646579e-05 0.09000000000000001 0.0 0.1
3950 10 0.1 2.092634e-05 0.09000000000000001 0.1 0.0
3960 10 0.1 2.3716519e-05 0.09000000000000001 0.1 0.0
3970 10 0.0 1.8601191e-05 0.2 0.1 0.1
3980 10 0.0 2.5576639e-05 0.0 0.0 0.0
3990 10 0.0 1.9996281e-05 0.2 0.1 0.1
4000 10 -0.1 2.7436758e-05 0.29 0.1 0.2
4010 10 0.1 3.90625e-05 0.09000000000000001 0.1 0.0
4020 10 0.1 2.9761903e-05 0.09000000000000001 0.1 0.0
4030 10 0.1 3.7202382e-05 0.09000000000000001 0.1 0.0
4040 10 0.0 2.697173e-05 0.0 0.0 0.0
4050 10 -0.2 3.0226936e-05 0.16000000000000006 0.0 0.2
4060 10 0.0 2.8366812e-05 0.0 0.0 0.0
4070 10 0.0 1.953125e-05 0.0 0.0 0.0
4080 10 0.1 1.1625744e-05 0.09000000000000001 0.1 0.0
4090 10 0.1 2.2321428e-05 0.09000000000000001 0.1 0.0
4100 10 0.0 1.1160714e-05 0.0 0.0 0.0
4110 10 0.1 1.999628e-05 0.2899999999999999 0.2 0.1
4120 10 0.0 2.0461312e-05 0.0 0.0 0.0
4130 10 0.1 2.2786458e-05 0.09000000000000001 0.1 0.0
4140 10 0.1 2.18564e-05 0.09000000000000001 0.1 0.0
4150 10 0.1 2.6506694e-05 0.09000000000000001 0.1 0.0
4160 10 -0.1 2.5576639e-05 0.09000000000000001 0.0 0.1
4170 10 0.0 3.0226936e-05 0.0 0.0 0.0
4180 10 -0.1 1.4880953e-05 0.09000000000000001 0.0 0.1
4190 10 0.0 1.953125e-05 0.0 0.0 0.0
4200 10 -0.1 1.5345982e-05 0.29000000000000004 0.1 0.2
4210 10 0.0 2.6041667e-05 0.0 0.0 0.0
4220 10 0.0 1.3485863e-05 0.0 0.0 0.0
4230 10 0.0 1.8601191e-05 0.0 0.0 0.0
4240 10 -0.1 1.2090774e-05 0.09000000000000001 0.0 0.1
4250 10 -0.1 1.7206103e-05 0.09000000000000001 0.0 0.1
4260 10 -0.1 2.092634e-05 0.09000000000000001 0.0 0.1
4270 10 -0.2 1.6276043e-05 0.16000000000000006 0.0 0.2
4280 10 0.0 1.5345982e-05 0.0 0.0 0.0
4290 10 0.0 2.2786458e-05 0.2 0.1 0.1
4300 10 0.0 2.9761903e-05 0.0 0.0 0.0
4310 10 0.1 2.3716517e-05 0.09000000000000001 0.1 0.0
4320 10 -0.1 2.4181549e-05 0.09000000000000001 0.0 0.1
4330 10 0.0 2.3251489e-05 0.0 0.0 0.0
4340 10 -0.1 1.4415924e-05 0.09000000000000001 0.0 0.1
4350 10 0.0 1.3485863e-05 0.0 0.0 0.0
4360 10 0.0 1.1160715e-05 0.0 0.0 0.0
4370 10 -0.1 1.8601191e-05 0.29 0.1 0.2
4380 10 -0.1 2.6506697e-05 0.09000000000000001 0.0 0.1
4390 10 0.0 1.3020834e-05 0.0 0.0 0.0
4400 10 -0.1 1.3485865e-05 0.09000000000000001 0.0 0.1
4410 10 0.0 2.232143e-05 0.0 0.0 0.0
4420 10 -0.1 1.8136161e-05 0.09000000000000001 0.0 0.1
4430 10 -0.2 2.4181549e-05 0.16000000000000006 0.0 0.2
4440 10 0.0 2.9296874e-05 0.2 0.1 0.1
4450 10 0.3 1.9996281e-05 0.20999999999999996 0.3 0.0
4460 10 -0.1 2.232143e-05 0.09000000000000001 0.0 0.1
4470 10 0.1 3.2087057e-05 0.09000000000000001 0.1 0.0
4480 10 0.0 2.6041667e-05 0.0 0.0 0.0
4490 10 0.0 2.9761906e-05 0.0 0.0 0.0
4500 10 0.2 2.046131e-05 0.16000000000000006 0.2 0.0
4510 10 0.0 1.7671131e-05 0.0 0.0 0.0
4520 10 0.2 2.18564e-05 0.16000000000000006 0.2 0.0
4530 10 0.0 1.7206105e-05 0.0 0.0 0.0
4540 10 0.1 1.0695685e-05 0.09000000000000001 0.1 0.0
4550 10 0.0 1.3485863e-05 0.0 0.0 0.0
4560 10 0.0 1.1625744e-05 0.0 0.0 0.0
4570 10 0.1 7.4404757e-06 0.09000000000000001 0.1 0.0
4580 10 0.2 1.3950892e-05 0.16000000000000006 0.2 0.0
4590 10 0.0 1.4415924e-05 0.0 0.0 0.0
4600 10 0.1 2.139137e-05 0.09000000000000001 0.1 0.0
4610 10 0.2 1.7671131e-05 0.16000000000000006 0.2 0.0
4620 10 0.1 2.3251489e-05 0.09000000000000001 0.1 0.0
4630 10 0.2 2.2786458e-05 0.36000000000000004 0.3 0.1
4640 10 0.0 3.6737354e-05 0.0 0.0 0.0
4650 10 -0.1 2.7436758e-05 0.09000000000000001 0.0 0.1
4660 10 -0.2 3.7202382e-05 0.16000000000000006 0.0 0.2
4670 10 0.0 3.580729e-05 0.0 0.0 0.0
4680 10 0.0 3.3017113e-05 0.2 0.1 0.1
4690 10 -0.1 4.278274e-05 0.09000000000000001 0.0 0.1
4700 10 -0.1 3.9295017e-05 0.09000000000000001 0.0 0.1
4710 10 0.0 4.123264e-05 0.0 0.0 0.0
4720 10 -0.1 4.3480286e-05 0.09000000000000001 0.0 0.1
4730 10 0.1 4.0380084e-05 0.09000000000000001 0.1 0.0
4740 10 -0.2 3.650484e-05 0.16000000000000006 0.0 0.2
4750 10 0.0 3.4102184e-05 0.0 0.0 0.0
4760 10 -0.1 3.6814858e-05 0.09000000000000001 0.0 0.1
4770 10 -0.1 2.3251489e-05 0.09000000000000001 0.0 0.1
4780 10 0.0 2.092634e-05 0.0 0.0 0.0
4790 10 0.1 1.4880953e-05 0.29 0.2 0.1
4800 10 -0.1 1.8601191e-05 0.09000000000000001 0.0 0.1
4810 10 -0.1 2.5576639e-05 0.09000000000000001 0.0 0.1
4820 10 -0.2 2.8831848e-05 0.16000000000000006 0.0 0.2
4830 10 0.1 2.5576635e-05 0.09000000000000001 0.1 0.0
4840 10 0.0 2.6041667e-05 0.0 0.0 0.0
4850 10 0.1 2.9761903e-05 0.09000000000000001 0.1 0.0
4860 10 -0.2 3.2552085e-05 0.16000000000000006 0.0 0.2
4870 10 0.0 2.5111609e-05 0.0 0.0 0.0
4880 10 0.0 2.139137e-05 0.0 0.0 0.0
4890 10 0.0 1.4880953e-05 0.0 0.0 0.0
4900 10 0.0 1.4880953e-05 0.2 0.1 0.1
4910 10 0.0 1.2555804e-05 0.0 0.0 0.0
4920 10 0.1 1.3485865e-05 0.09000000000000001 0.1 0.0
4930 10 -0.2 1.953125e-05 0.16000000000000006 0.0 0.2
4940 10 0.0 1.953125e-05 0.0 0.0 0.0
4950 10 -0.2 2.6506697e-05 0.16000000000000006 0.0 0.2
4960 10 -0.2 3.1622025e-05 0.16000000000000006 0.0 0.2
4970 10 -0.1 2.4181549e-05 0.09000000000000001 0.0 0.1
4980 10 0.1 2.836682e-05 0.09000000000000001 0.1 0.0
4990 10 -0.1 2.7436758e-05 0.09000000000000001 0.0 0.1
5000 10 0.0 2.8366816e-05 0.0 0.0 0.0
5010 10 0.0 2.139137e-05 0.0 0.0 0.0
5020 10 0.0 1.8601191e-05 0.0 0.0 0.0
5030 10 0.2 1.4415924e-05 0.16000000000000006 0.2 0.0
5040 10 0.0 1.9996281e-05 0.0 0.0 0.0
5050 10 0.0 1.1160715e-05 0.0 0.0 0.0
5060 10 0.0 6.045387e-06 0.0 0.0 0.0
5070 10 -0.1 9.300596e-06 0.09000000000000001 0.0 0.1
5080 10 0.1 1.0695686e-05 0.09000000000000001 0.1 0.0
5090 10 -0.1 1.5811012e-05 0.09000000000000001 0.0 0.1
5100 10 -0.1 2.092634e-05 0.09000000000000001 0.0 0.1
5110 10 0.0 1.72061e-05 0.0 0.0 0.0
5120 10 0.1 1.5811012e-05 0.09000000000000001 0.1 0.0
5130 10 0.0 1.813616e-05 0.0 0.0 0.0
5140 10 0.0 1.4880951e-05 0.0 0.0 0.0
5150 10 0.2 1.953125e-05 0.16000000000000006 0.2 0.0
5160 10 -0.2 2.1391368e-05 0.16000000000000006 0.0 0.2
5170 10 -0.1 2.18564e-05 0.09000000000000001 0.0 0.1
5180 10 0.0 2.4181549e-05 0.0 0.0 0.0
5190 10 0.0 1.4880953e-05 0.0 0.0 0.0
5200 10 0.1 1.953125e-05 0.09000000000000001 0.1 0.0
5210 10 0.0 2.6971726e-05 0.2 0.1 0.1
5220 10 0.0 2.7436758e-05 0.0 0.0 0.0
5230 10 0.1 2.4646579e-05 0.09000000000000001 0.1 0.0
5240 10 0.1 1.6276043e-05 0.09000000000000001 0.1 0.0
5250 10 0.0 2.3251489e-05 0.2 0.1 0.1
5260 10 -0.1 2.5111607e-05 0.09000000000000001 0.0 0.1
5270 10 0.0 2.9296874e-05 0.2 0.1 0.1
5280 10 0.0 1.9066221e-05 0.0 0.0 0.0
5290 10 0.1 2.2321428e-05 0.09000000000000001 0.1 0.0
5300 10 0.0 2.3716519e-05 0.2 0.1 0.1
5310 10 0.0 2.5111607e-05 0.0 0.0 0.0
5320 10 0.0 1.9996281e-05 0.0 0.0 0.0
5330 10 0.0 1.4415924e-05 0.0 0.0 0.0
5340 10 -0.1 1.7672557e-05 0.09000000000000001 0.0 0.1
5350 10 0.2 1.9066221e-05 0.16000000000000006 0.2 0.0
5360 10 -0.1 1.6741073e-05 0.09000000000000001 0.0 0.1
5370 10 0.1 2.092634e-05 0.09000000000000001 0.1 0.0
5380 10 -0.1 2.061632e-05 0.09000000000000001 0.0 0.1
5390 10 0.1 3.1622025e-05 0.09000000000000001 0.1 0.0
5400 10 -0.1 4.1620162e-05 0.09000000000000001 0.0 0.1
5410 10 0.0 4.2317708e-05 0.0 0.0 0.0
5420 10 -0.1 4.107763e-05 0.09000000000000001 0.0 0.1
5430 10 0.0 3.2087057e-05 0.0 0.0 0.0
5440 10 -0.2 3.4102184e-05 0.16000000000000006 0.0 0.2
5450 10 0.2 1.891121e-05 0.16000000000000006 0.2 0.0
5460 10 0.0 1.8601191e-05 0.0 0.0 0.0
5470 10 -0.1 1.8601191e-05 0.09000000000000001 0.0 0.1
5480 10 0.1 2.3716517e-05 0.09000000000000001 0.1 0.0
5490 10 0.0 2.3251489e-05 0.0 0.0 0.0
5500 10 0.0 1.4415924e-05 0.0 0.0 0.0
5510 10 0.1 1.5345982e-05 0.09000000000000001 0.1 0.0
5520 10 0.0 1.3950894e-05 0.2 0.1 0.1
5530 10 0.0 2.7436758e-05 0.2 0.1 0.1
5540 10 0.1 2.5111607e-05 0.09000000000000001 0.1 0.0
5550 10 0.2 2.1391372e-05 0.36000000000000004 0.3 0.1
5560 10 -0.1 3.5342262e-05 0.09000000000000001 0.0 0.1
5570 10 0.0 3.859747e-05 0.0 0.0 0.0
5580 10 0.0 3.8132443e-05 0.2 0.1 0.1
5590 10 0.1 3.44122e-05 0.49000000000000005 0.3 0.2
5600 10 0.0 4.417783e-05 0.0 0.0 0.0
5610 10 0.0 3.2087057e-05 0.0 0.0 0.0
5620 10 0.2 3.162203e-05 0.16000000000000006 0.2 0.0
5630 10 0.0 3.2552085e-05 0.2 0.1 0.1
5640 10 0.1 4.3247772e-05 0.29000000000000004 0.2 0.1
5650 10 -0.2 3.4877234e-05 0.36000000000000004 0.1 0.3
5660 10 0.0 3.7202382e-05 0.0 0.0 0.0
5670 10 0.0 3.952753e-05 0.2 0.1 0.1
5680 10 0.0 4.510789e-05 0.2 0.1 0.1
5690 10 0.1 4.9293158e-05 0.09000000000000001 0.1 0.0
5700 10 0.0 4.2782744e-05 0.2 0.1 0.1
5710 10 0.0 4.743304e-05 0.0 0.0 0.0
5720 10 0.1 2.7436758e-05 0.09000000000000001 0.1 0.0
5730 10 0.0 3.0226935e-05 0.2 0.1 0.1
5740 10 0.0 2.5111609e-05 0.0 0.0 0.0
5750 10 0.0 1.3020834e-05 0.0 0.0 0.0
5760 10 0.0 1.9531251e-05 0.0 0.0 0.0
5770 10 0.1 2.092634e-05 0.09000000000000001 0.1 0.0
5780 10 -0.1 1.4880953e-05 0.09000000000000001 0.0 0.1
5790 10 0.1 1.9066221e-05 0.09000000000000001 0.1 0.0
5800 10 0.1 1.2090774e-05 0.09000000000000001 0.1 0.0
5810 10 -0.3 1.5811014e-05 0.20999999999999996 0.0 0.3
5820 10 0.1 2.3251489e-05 0.09000000000000001 0.1 0.0
5830 10 0.1 2.836682e-05 0.29000000000000004 0.2 0.1
5840 10 0.0 3.1156997e-05 0.0 0.0 0.0
5850 10 0.1 2.7901784e-05 0.09000000000000001 0.1 0.0
5860 10 0.1 3.348214e-05 0.09000000000000001 0.1 0.0
5870 10 -0.1 2.7436758e-05 0.09000000000000001 0.0 0.1
5880 10 -0.1 2.7901784e-05 0.09000000000000001 0.0 0.1
5890 10 -0.1 2.3251489e-05 0.09000000000000001 0.0 0.1
5900 10 0.0 2.3251489e-05 0.0 0.0 0.0
5910 10 0.0 1.6276043e-05 0.0 0.0 0.0
5920 10 0.0 1.6741073e-05 0.0 0.0 0.0
5930 10 0.0 1.0695685e-05 0.0 0.0 0.0
5940 10 0.0 6.975446e-06 0.0 0.0 0.0
5950 10 -0.1 4.650298e-06 0.09000000000000001 0.0 0.1
5960 10 -0.1 2.7901788e-06 0.09000000000000001 0.0 0.1
5970 10 -0.1 1.2555804e-05 0.09000000000000001 0.0 0.1
5980 10 -0.1 1.9531251e-05 0.29 0.1 0.2
5990 10 0.2 2.5576639e-05 0.16000000000000006 0.2 0.0
6000 10 0.0 2.3716517e-05 0.0 0.0 0.0
6010 10 -0.1 3.348214e-05 0.29 0.1 0.2
6020 10 0.0 4.464286e-05 0.2 0.1 0.1
6030 10 0.0 4.2782744e-05 0.0 0.0 0.0
6040 10 0.0 3.5342262e-05 0.2 0.1 0.1
6050 10 0.0 3.2087057e-05 0.0 0.0 0.0
6060 10 0.1 2.5576639e-05 0.09000000000000001 0.1 0.0
6070 10 0.0 3.1156997e-05 0.0 0.0 0.0
6080 10 0.0 2.6041667e-05 0.0 0.0 0.0
6090 10 0.0 1.0695685e-05 0.0 0.0 0.0
6100 10 -0.1 9.765625e-06 0.09000000000000001 0.0 0.1
6110 10 -0.1 1.3020834e-05 0.09000000000000001 0.0 0.1
6120 10 0.0 8.8355655e-06 0.0 0.0 0.0
6130 10 0.0 7.905507e-06 0.0 0.0 0.0
6140 10 0.0 9.300596e-06 0.2 0.1 0.1
6150 10 -0.1 1.7671131e-05 0.09000000000000001 0.0 0.1
6160 10 -0.1 2.18564e-05 0.09000000000000001 0.0 0.1
6170 10 0.2 2.092634e-05 0.16000000000000006 0.2 0.0
6180 10 0.1 2.092634e-05 0.09000000000000001 0.1 0.0
6190 10 -0.1 3.0226936e-05 0.09000000000000001 0.0 0.1
6200 10 -0.1 3.3947174e-05 0.09000000000000001 0.0 0.1
6210 10 0.0 2.7901784e-05 0.0 0.0 0.0
6220 10 -0.2 3.1156997e-05 0.16000000000000006 0.0 0.2
6230 10 -0.1 2.7436758e-05 0.09000000000000001 0.0 0.1
6240 10 0.0 2.18564e-05 0.0 0.0 0.0
6250 10 0.1 1.953125e-05 0.09000000000000001 0.1 0.0
6260 10 0.1 2.232143e-05 0.09000000000000001 0.1 0.0
6270 10 0.0 1.6276043e-05 0.0 0.0 0.0
6280 10 -0.2 1.3950892e-05 0.16000000000000006 0.0 0.2
6290 10 0.0 2.232143e-05 0.2 0.1 0.1
6300 10 0.0 2.7901784e-05 0.2 0.1 0.1
6310 10 0.0 2.3251489e-05 0.0 0.0 0.0
6320 10 0.0 2.232143e-05 0.0 0.0 0.0
6330 10 0.1 2.8831848e-05 0.2899999999999999 0.2 0.1
6340 10 0.1 2.6506697e-05 0.09000000000000001 0.1 0.0
6350 10 0.0 3.673735e-05 0.2 0.1 0.1
6360 10 -0.1 3.3482145e-05 0.09000000000000001 0.0 0.1
6370 10 -0.3 3.859747e-05 0.41 0.1 0.4
6380 10 0.0 3.3947174e-05 0.0 0.0 0.0
6390 10 0.2 3.6737354e-05 0.16000000000000006 0.2 0.0
6400 10 -0.1 4.37128e-05 0.09000000000000001 0.0 0.1
6410 10 0.1 4.37128e-05 0.09000000000000001 0.1 0.0
6420 10 -0.1 4.092262e-05 0.09000000000000001 0.0 0.1
6430 10 0.1 2.092634e-05 0.09000000000000001 0.1 0.0
6440 10 -0.2 2.6971726e-05 0.16000000000000006 0.0 0.2
6450 10 0.0 2.278646e-05 0.0 0.0 0.0
6460 10 0.1 2.3251489e-05 0.09000000000000001 0.1 0.0
6470 10 -0.1 1.9996281e-05 0.09000000000000001 0.0 0.1
6480 10 0.1 2.3716519e-05 0.09000000000000001 0.1 0.0
6490 10 -0.1 2.8366816e-05 0.09000000000000001 0.0 0.1
6500 10 0.0 1.9531251e-05 0.0 0.0 0.0
6510 10 0.1 2.046131e-05 0.09000000000000001 0.1 0.0
6520 10 0.1 2.3251489e-05 0.09000000000000001 0.1 0.0
6530 10 -0.2 1.9996281e-05 0.16000000000000006 0.0 0.2
6540 10 0.0 2.139137e-05 0.0 0.0 0.0
6550 10 -0.2 2.046131e-05 0.16000000000000006 0.0 0.2
6560 10 -0.1 2.232143e-05 0.09000000000000001 0.0 0.1
6570 10 -0.1 1.5811014e-05 0.09000000000000001 0.0 0.1
6580 10 -0.1 2.4181549e-05 0.09000000000000001 0.0 0.1
6590 10 0.1 2.4646579e-05 0.09000000000000001 0.1 0.0
6600 10 0.0 2.046131e-05 0.0 0.0 0.0
6610 10 0.0 1.6741073e-05 0.0 0.0 0.0
6620 10 0.1 1.6741073e-05 0.09000000000000001 0.1 0.0
6630 10 -0.2 1.8601191e-05 0.16000000000000006 0.0 0.2
6640 10 -0.1 1.813616e-05 0.09000000000000001 0.0 0.1
6650 10 0.1 1.4880953e-05 0.09000000000000001 0.1 0.0
6660 10 -0.2 2.092634e-05 0.16000000000000006 0.0 0.2
6670 10 -0.1 2.3716519e-05 0.09000000000000001 0.0 0.1
6680 10 0.1 3.4877237e-05 0.09000000000000001 0.1 0.0
6690 10 -0.1 2.6041667e-05 0.09000000000000001 0.0 0.1
6700 10 -0.2 2.8444321e-05 0.16000000000000006 0.0 0.2
6710 10 0.2 5.9058784e-05 0.16000000000000006 0.2 0.0
6720 10 0.0 4.8208087e-05 0.0 0.0 0.0
6730 10 0.0 3.8519967e-05 0.0 0.0 0.0
6740 10 0.1 4.2782736e-05 0.09000000000000001 0.1 0.0
6750 10 0.1 4.340278e-05 0.09000000000000001 0.1 0.0
6760 10 0.0 5.1928324e-05 0.2 0.1 0.1
6770 10 0.0 3.6427333e-05 0.0 0.0 0.0
6780 10 -0.1 1.6276043e-05 0.09000000000000001 0.0 0.1
6790 10 0.0 1.6741073e-05 0.0 0.0 0.0
6800 10 -0.1 1.5345982e-05 0.09000000000000001 0.0 0.1
6810 10 0.0 1.8136161e-05 0.0 0.0 0.0
6820 10 -0.1 1.7671131e-05 0.09000000000000001 0.0 0.1
6830 10 -0.2 1.3485865e-05 0.16000000000000006 0.0 0.2
6840 10 -0.1 1.5345982e-05 0.09000000000000001 0.0 0.1
6850 10 0.0 1.9996281e-05 0.0 0.0 0.0
6860 10 -0.2 1.6276043e-05 0.16000000000000006 0.0 0.2
6870 10 -0.2 2.7901784e-05 0.16000000000000006 0.0 0.2
6880 10 0.0 2.6971726e-05 0.0 0.0 0.0
6890 10 0.2 2.3251489e-05 0.16000000000000006 0.2 0.0
6900 10 0.1 2.4181549e-05 0.09000000000000001 0.1 0.0
6910 10 0.0 2.232143e-05 0.0 0.0 0.0
6920 10 -0.1 1.8136161e-05 0.09000000000000001 0.0 0.1
6930 10 0.2 2.2786458e-05 0.16000000000000006 0.2 0.0
6940 10 0.1 3.3482145e-05 0.29 0.2 0.1
6950 10 0.0 2.8366816e-05 0.0 0.0 0.0
6960 10 0.0 3.2552085e-05 0.2 0.1 0.1
6970 10 0.2 3.5342262e-05 0.16000000000000006 0.2 0.0
6980 10 0.1 3.7667527e-05 0.09000000000000001 0.1 0.0
6990 10 -0.1 3.580729e-05 0.09000000000000001 0.0 0.1
7000 10 -0.1 3.1156997e-05 0.29 0.1 0.2
7010 10 -0.1 3.2552085e-05 0.09000000000000001 0.0 0.1
7020 10 -0.1 2.5576639e-05 0.09000000000000001 0.0 0.1
7030 10 -0.1 4.1387648e-05 0.09000000000000001 0.0 0.1
7040 10 -0.1 3.2087057e-05 0.09000000000000001 0.0 0.1
7050 10 -0.1 3.0691965e-05 0.09000000000000001 0.0 0.1
7060 10 0.1 2.8831848e-05 0.09000000000000001 0.1 0.0
7070 10 -0.2 2.7436758e-05 0.16000000000000006 0.0 0.2
7080 10 0.0 2.232143e-05 0.0 0.0 0.0
7090 10 -0.1 2.2786458e-05 0.29000000000000004 0.1 0.2
7100 10 0.0 2.092634e-05 0.0 0.0 0.0
7110 10 0.0 2.232143e-05 0.0 0.0 0.0
7120 10 0.1 1.6276043e-05 0.09000000000000001 0.1 0.0
7130 10 0.0 1.953125e-05 0.0 0.0 0.0
7140 10 0.0 1.0230655e-05 0.2 0.1 0.1
7150 10 -0.1 1.7671131e-05 0.09000000000000001 0.0 0.1
7160 10 0.0 1.4880953e-05 0.0 0.0 0.0
7170 10 0.0 1.5811012e-05 0.2 0.1 0.1
7180 10 0.0 2.18564e-05 0.0 0.0 0.0
7190 10 0.1 1.6276043e-05 0.09000000000000001 0.1 0.0
7200 10 -0.1 3.0226935e-05 0.09000000000000001 0.0 0.1
7210 10 -0.1 2.5111607e-05 0.09000000000000001 0.0 0.1
7220 10 0.0 1.7671131e-05 0.0 0.0 0.0
7230 10 0.1 2.139137e-05 0.09000000000000001 0.1 0.0
7240 10 -0.1 2.232143e-05 0.09000000000000001 0.0 0.1
7250 10 0.3 2.6506697e-05 0.21000000000000002 0.3 0.0
7260 10 0.1 2.697173e-05 0.09000000000000001 0.1 0.0
7270 10 0.0 2.232143e-05 0.0 0.0 0.0
7280 10 0.0 2.139137e-05 0.0 0.0 0.0
7290 10 -0.1 2.092634e-05 0.09000000000000001 0.0 0.1
7300 10 0.2 3.0226935e-05 0.16000000000000006 0.2 0.0
7310 10 0.0 2.4181549e-05 0.2 0.1 0.1
7320 10 0.0 1.999628e-05 0.0 0.0 0.0
7330 10 -0.1 1.4415924e-05 0.09000000000000001 0.0 0.1
7340 10 0.2 2.2786458e-05 0.16000000000000006 0.2 0.0
7350 10 0.0 2.6041667e-05 0.0 0.0 0.0
7360 10 0.2 2.5111607e-05 0.16000000000000006 0.2 0.0
7370 10 -0.1 2.046131e-05 0.09000000000000001 0.0 0.1
7380 10 -0.2 2.4646579e-05 0.16000000000000006 0.0 0.2
7390 10 0.1 3.3482145e-05 0.09000000000000001 0.1 0.0
7400 10 0.1 2.6041667e-05 0.29000000000000004 0.2 0.1
7410 10 0.1 3.3947174e-05 0.09000000000000001 0.1 0.0
7420 10 0.2 3.0226936e-05 0.16000000000000006 0.2 0.0
7430 10 0.1 3.3947174e-05 0.09000000000000001 0.1 0.0
7440 10 0.0 3.7202382e-05 0.0 0.0 0.0
7450 10 0.1 2.8366816e-05 0.09000000000000001 0.1 0.0
7460 10 -0.1 2.697173e-05 0.09000000000000001 0.0 0.1
7470 10 0.1 2.3716517e-05 0.09000000000000001 0.1 0.0
7480 10 0.1 3.0226936e-05 0.09000000000000001 0.1 0.0
7490 10 -0.1 1.8601191e-05 0.09000000000000001 0.0 0.1
7500 10 0.1 2.18564e-05 0.09000000000000001 0.1 0.0
7510 10 0.1 2.5111609e-05 0.09000000000000001 0.1 0.0
7520 10 0.1 2.8831848e-05 0.09000000000000001 0.1 0.0
7530 10 0.0 2.4181549e-05 0.0 0.0 0.0
7540 10 -0.1 2.232143e-05 0.09000000000000001 0.0 0.1
7550 10 0.0 1.9996281e-05 0.2 0.1 0.1
7560 10 -0.1 2.139137e-05 0.09000000000000001 0.0 0.1
7570 10 -0.2 2.9296874e-05 0.16000000000000006 0.0 0.2
7580 10 0.0 2.8831848e-05 0.0 0.0 0.0
7590 10 0.2 2.18564e-05 0.16000000000000006 0.2 0.0
7600 10 0.1 2.7436758e-05 0.09000000000000001 0.1 0.0
7610 10 0.1 3.7202382e-05 0.29 0.2 0.1
7620 10 0.1 3.0691965e-05 0.09000000000000001 0.1 0.0
7630 10 -0.1 3.1156993e-05 0.09000000000000001 0.0 0.1
7640 10 0.0 2.697173e-05 0.0 0.0 0.0
7650 10 0.0 2.7436758e-05 0.0 0.0 0.0
7660 10 0.1 1.8136163e-05 0.09000000000000001 0.1 0.0
7670 10 0.2 2.278646e-05 0.16000000000000006 0.2 0.0
7680 10 0.0 1.6276043e-05 0.0 0.0 0.0
7690 10 0.1 1.4415924e-05 0.09000000000000001 0.1 0.0
7700 10 0.1 1.1160715e-05 0.09000000000000001 0.1 0.0
7710 10 0.0 1.9066221e-05 0.4 0.2 0.2
7720 10 0.0 2.18564e-05 0.0 0.0 0.0
7730 10 0.0 1.8601191e-05 0.0 0.0 0.0
7740 10 0.0 1.7671131e-05 0.0 0.0 0.0
7750 10 0.2 2.1391368e-05 0.16000000000000006 0.2 0.0
7760 10 -0.1 1.8136161e-05 0.09000000000000001 0.0 0.1
7770 10 0.0 1.7671131e-05 0.0 0.0 0.0
7780 10 -0.1 1.3950892e-05 0.09000000000000001 0.0 0.1
7790 10 0.1 2.092634e-05 0.09000000000000001 0.1 0.0
7800 10 -0.1 2.4181549e-05 0.09000000000000001 0.0 0.1
7810 10 -0.1 2.139137e-05 0.09000000000000001 0.0 0.1
7820 10 0.1 2.18564e-05 0.09000000000000001 0.1 0.0
7830 10 0.0 1.4880953e-05 0.0 0.0 0.0
7840 10 0.0 1.5811012e-05 0.0 0.0 0.0
7850 10 0.0 1.6741073e-05 0.0 0.0 0.0
7860 10 0.1 1.4493428e-05 0.09000000000000001 0.1 0.0
7870 10 -0.1 2.921937e-05 0.09000000000000001 0.0 0.1
7880 10 0.1 2.782428e-05 0.09000000000000001 0.1 0.0
7890 10 0.0 2.921937e-05 0.0 0.0 0.0
7900 10 -0.1 3.425719e-05 0.29 0.1 0.2
7910 10 0.0 3.309462e-05 0.0 0.0 0.0
7920 10 -0.1 4.0070066e-05 0.09000000000000001 0.0 0.1
7930 10 0.0 3.4489705e-05 0.2 0.1 0.1
7940 10 0.0 2.9296874e-05 0.0 0.0 0.0
7950 10 0.0 2.18564e-05 0.0 0.0 0.0
7960 10 0.1 2.18564e-05 0.09000000000000001 0.1 0.0
7970 10 0.0 2.18564e-05 0.2 0.1 0.1
7980 10 0.1 2.139137e-05 0.09000000000000001 0.1 0.0
7990 10 0.1 2.6041667e-05 0.09000000000000001 0.1 0.0
8000 10 0.0 2.3251489e-05 0.0 0.0 0.0
