GAME_NUMBER Max_Score mavg_score mavg_loss var_score mavg_food mavg_poison 
10 2 -0.9 0.003872382 3.2900000000000005 1.3 1.6
20 2 0.8 0.004225369 6.760000000000001 1.2 1.8
30 2 0.0 0.004193535 20.2 1.6 2.2
40 2 -0.9 0.0040874267 6.090000000000001 1.8 1.1
50 4 -1.2 0.0044268616 10.760000000000002 1.8 1.6
60 4 1.4 0.004388026 9.040000000000001 1.7 1.9
70 4 -1.2 0.0043289377 3.3600000000000003 1.6 1.0
80 4 0.6 0.004604517 28.240000000000002 2.3 2.3
90 4 0.4 0.0046723876 7.44 1.4 1.4
100 4 -1.2 0.0048555657 7.960000000000001 1.1 2.3
110 4 1.5 0.005019146 6.45 2.3 2.4
120 4 -1.2 0.005261206 11.760000000000002 1.9 2.3
130 4 0.8 0.0055781235 11.760000000000002 2.5 2.1
140 4 0.8 0.0058001685 25.959999999999997 2.1 2.1
150 4 2.7 0.0063581932 11.610000000000001 2.8 2.3
160 4 -0.1 0.00642364 3.69 1.2 2.1
170 4 -0.8 0.00681974 21.36 2.2 3.2
180 5 0.6 0.0069771847 5.64 1.8 2.2
190 5 1.3 0.007036613 15.610000000000003 1.9 2.8
200 5 1.4 0.0073569347 22.439999999999998 2.7 2.5
210 5 1.1 0.0071242168 1.69 0.7 1.2
220 5 0.6 0.006662622 8.84 2.3 1.9
230 5 -0.3 0.006343889 1.01 1.5 2.0
240 7 0.7 0.006351483 9.610000000000001 2.1 1.8
250 7 1.1 0.006137749 12.89 2.4 2.3
260 7 1.9 0.0062927846 14.49 2.1 2.4
270 7 1.0 0.0062200604 5.0 1.7 2.3
280 7 1.0 0.0063775466 17.2 1.7 2.7
290 7 -0.5 0.0064708386 7.65 1.3 1.8
300 7 1.7 0.006094343 8.209999999999999 1.9 1.8
310 7 1.7 0.006720805 22.01 1.8 2.9
320 7 0.3 0.006417593 2.2100000000000004 1.2 1.3
330 7 1.9 0.006307317 10.29 1.6 2.5
340 7 4.1 0.0066635357 39.690000000000005 3.3 3.2
350 7 1.8 0.006871624 8.959999999999999 2.9 2.7
360 7 1.3 0.007223843 6.610000000000001 2.3 3.6
370 7 1.2 0.00822543 5.959999999999999 1.4 1.4
380 7 -0.2 0.0069974135 0.76 1.8 1.4
390 7 2.1 0.0073226276 25.690000000000005 2.4 2.7
400 7 1.4 0.00788791 9.440000000000001 1.3 2.1
410 7 3.5 0.0071986183 24.85 1.7 2.6
420 7 3.6 0.007213038 15.840000000000003 1.7 3.9
430 7 2.8 0.0068035475 28.159999999999997 1.8 3.4
440 7 1.6 0.0071516014 8.440000000000001 1.3 1.3
450 7 1.4 0.0076336605 29.639999999999997 3.2 2.2
460 7 0.3 0.0075788577 2.21 0.6 1.3
470 7 2.2 0.006553184 20.96 1.5 2.5
480 7 2.7 0.006992368 15.61 1.7 3.0
490 7 2.3 0.007180148 13.41 1.3 1.2
500 7 3.0 0.006259756 15.2 1.3 3.7
510 7 2.0 0.006439988 21.2 2.6 2.8
520 7 7.7 0.0074466397 54.010000000000005 3.1 6.0
530 7 5.4 0.009239699 34.440000000000005 2.8 4.8
540 7 3.9 0.010973179 32.489999999999995 2.4 4.7
550 7 4.1 0.011981531 24.69 3.0 4.7
560 7 2.2 0.01291182 17.160000000000004 2.4 4.4
570 7 8.5 0.014560823 37.85 4.7 9.6
580 7 2.8 0.016290026 22.159999999999997 3.6 5.2
590 7 4.1 0.016960481 24.890000000000008 2.5 5.2
600 7 6.4 0.017378945 37.84 2.5 4.1
610 7 4.3 0.016195955 37.209999999999994 2.4 3.9
620 7 6.9 0.015628982 71.89 3.3 5.0
630 7 3.2 0.01535101 16.960000000000004 2.8 4.6
640 7 6.2 0.015738884 42.760000000000005 3.1 6.1
650 7 6.1 0.013763641 57.489999999999995 2.0 5.1
660 7 0.7 0.014622148 4.21 2.2 2.7
670 7 4.7 0.014479599 32.410000000000004 2.1 5.6
680 7 3.8 0.016018426 52.35999999999999 2.3 4.1
690 7 4.5 0.015486937 38.05 1.9 5.4
700 7 4.3 0.013952035 41.61 3.3 6.0
710 7 2.7 0.015015602 35.410000000000004 1.3 3.8
720 7 5.6 0.013296498 42.239999999999995 3.4 5.4
730 7 6.8 0.01546443 12.760000000000002 2.9 7.1
740 7 6.8 0.015369797 55.36 4.4 8.8
750 7 4.7 0.017141305 44.010000000000005 2.6 4.7
760 7 2.9 0.017775385 22.89 3.1 5.0
770 7 4.1 0.019202078 28.890000000000004 1.7 4.0
780 7 4.9 0.019041317 35.089999999999996 2.5 7.0
790 7 3.6 0.0191102 29.24 1.7 4.7
800 7 2.2 0.018489735 16.96 2.4 4.0
810 7 3.9 0.015949136 15.690000000000001 4.0 6.7
820 7 0.7 0.015526996 3.01 1.6 1.5
830 7 4.7 0.014524705 54.61 2.8 3.7
840 7 3.9 0.015714662 34.089999999999996 1.8 4.5
850 7 8.3 0.014544381 51.81 3.5 8.2
860 7 7.4 0.015439753 95.03999999999999 3.2 5.8
870 7 2.5 0.015394468 12.65 2.7 4.0
880 7 5.1 0.015833534 68.49 1.8 4.3
890 7 7.3 0.016703472 43.40999999999999 4.6 8.3
900 7 2.8 0.01723376 31.359999999999996 1.8 5.0
910 7 7.9 0.01769654 91.89000000000001 4.3 6.6
920 7 3.4 0.017773235 40.04 1.3 3.9
930 7 11.4 0.017871132 71.24000000000001 3.4 9.0
940 7 4.4 0.018613806 84.04000000000002 1.4 3.8
950 7 1.6 0.01798201 19.64 1.1 2.1
960 7 4.7 0.01592527 45.61 2.3 4.4
970 7 2.4 0.016068606 12.239999999999998 2.2 4.2
980 7 6.9 0.015440903 40.89 3.8 8.5
990 7 5.1 0.016807718 52.089999999999996 2.0 6.5
1000 7 12.2 0.0155946305 74.16 3.0 9.8
1010 7 4.3 0.016781447 48.209999999999994 1.3 3.4
1020 7 3.7 0.016832964 36.61 1.3 3.8
1030 7 2.2 0.017233247 43.76 1.7 2.5
1040 7 8.0 0.018602775 62.6 3.3 8.9
1050 7 4.3 0.016557721 63.81 1.6 4.1
1060 7 4.3 0.017833587 51.80999999999999 2.2 3.9
1070 7 7.6 0.014373039 72.64000000000001 3.1 6.9
1080 7 6.3 0.016740602 81.80999999999999 3.5 8.4
1090 7 13.0 0.018801462 97.6 3.8 10.6
1100 7 5.4 0.019662483 40.64 2.0 4.8
1110 7 6.8 0.020580761 98.55999999999999 3.6 5.4
1120 7 5.5 0.018260619 61.25 2.4 3.5
1130 7 9.9 0.02015338 94.09 3.1 7.6
1140 7 9.9 0.024835037 92.68999999999998 3.5 9.4
1150 7 4.4 0.021282133 34.839999999999996 2.1 3.7
1160 7 7.8 0.020479212 77.36 2.5 7.7
1170 7 6.1 0.018187271 79.28999999999999 2.0 4.1
1180 7 4.6 0.019926593 61.44 2.1 4.5
1190 7 6.4 0.020479951 70.04 1.5 5.9
1200 7 12.4 0.019424604 95.44 3.8 9.4
1210 7 13.5 0.022230422 66.45 4.7 11.8
1220 7 9.1 0.024804374 107.88999999999999 3.2 8.9
1230 7 8.8 0.023687843 108.76000000000002 2.0 8.2
1240 7 10.1 0.025757166 90.49000000000001 4.4 8.5
1250 7 8.7 0.02718002 91.21000000000001 3.8 9.5
1260 7 11.8 0.03083999 35.36000000000001 5.0 13.8
1270 7 9.2 0.037527427 100.36 4.1 8.5
1280 7 3.1 0.031861506 51.489999999999995 1.1 3.8
1290 7 10.9 0.027572542 70.49 3.1 9.2
1300 7 6.0 0.028927224 55.0 2.0 4.8
1310 7 9.1 0.026278537 90.68999999999998 3.0 7.5
1320 7 13.9 0.027062515 59.489999999999995 3.3 14.4
1330 7 7.2 0.030046415 55.56 2.2 8.8
1340 7 6.8 0.02664216 100.96 2.6 7.6
1350 7 8.3 0.03157838 85.81 3.4 8.5
1360 7 8.5 0.030215822 121.05 3.3 8.0
1370 7 7.0 0.030367145 85.4 1.6 7.8
1380 7 9.9 0.032331843 105.89000000000001 2.2 9.9
1390 7 3.7 0.029937712 47.61 3.1 4.0
1400 7 9.0 0.025200924 118.4 2.8 6.4
1410 7 8.5 0.023474852 83.05 2.4 8.9
1420 7 10.9 0.026805341 95.69000000000001 3.4 10.9
1430 7 9.0 0.028097905 103.0 2.7 9.1
1440 7 8.5 0.024886468 90.05 2.4 8.9
1450 7 7.9 0.02367631 101.09 2.4 6.5
1460 7 4.0 0.02278983 53.6 1.2 4.6
1470 7 4.1 0.024952898 90.28999999999999 1.4 3.9
1480 7 12.7 0.02267219 114.60999999999999 5.4 12.7
1490 7 11.4 0.026641378 53.84000000000001 3.7 11.7
1500 7 10.6 0.026823997 134.23999999999998 3.3 9.5
1510 7 7.1 0.026074665 95.49 2.1 6.0
1520 7 11.1 0.028345518 113.48999999999998 3.9 12.2
1530 7 5.8 0.029171938 95.56 2.0 5.0
1540 7 6.2 0.032329377 63.76000000000001 1.4 6.0
1550 7 8.7 0.02653246 107.00999999999999 3.1 8.6
1560 7 10.6 0.028330835 123.04 3.3 8.7
1570 7 6.1 0.032558717 45.89 3.4 9.5
1580 7 8.3 0.029636653 42.41 3.5 10.4
1590 7 10.8 0.028128093 101.16 3.1 11.5
1600 7 8.8 0.029108228 92.16000000000001 2.9 9.1
1610 7 11.7 0.03139989 145.01 3.0 9.7
1620 7 15.3 0.03672223 61.00999999999999 5.3 15.6
1630 7 9.1 0.03608457 83.49 3.5 8.8
1640 7 5.9 0.03708578 43.489999999999995 2.8 8.7
1650 7 11.9 0.035782814 89.28999999999999 4.4 13.1
1660 7 8.5 0.033069495 99.45 2.4 7.5
1670 7 7.4 0.033286758 122.24000000000001 2.0 7.8
1680 7 4.3 0.03209953 48.21 2.2 5.5
1690 7 9.0 0.02698006 90.0 2.0 8.8
1700 7 6.3 0.028492661 69.00999999999999 2.0 8.5
1710 7 12.0 0.028043158 107.4 3.5 11.1
1720 7 5.3 0.030108046 53.21 1.7 7.2
1730 7 16.7 0.027612628 158.20999999999998 4.7 15.2
1740 7 8.1 0.030020263 111.48999999999998 2.0 7.7
1750 7 11.6 0.038033452 133.04000000000002 3.5 9.1
1760 7 5.1 0.027402194 87.89 2.1 5.2
1770 7 4.0 0.03387541 34.6 1.5 3.9
1780 7 7.7 0.02887055 138.81 2.5 6.4
1790 7 7.4 0.029481731 99.44000000000001 3.1 7.9
1800 7 11.0 0.028578348 128.6 2.7 9.9
1810 7 8.5 0.024115102 94.85 2.0 9.1
1820 7 8.8 0.024583377 100.75999999999999 3.7 9.9
1830 7 8.1 0.02754605 107.68999999999998 2.0 7.1
1840 7 9.3 0.029327398 111.00999999999999 3.3 8.0
1850 7 9.4 0.034089383 102.44000000000001 3.2 9.0
1860 7 4.6 0.027399 53.64 1.3 4.7
1870 7 13.5 0.025766844 140.05 3.7 10.8
1880 7 4.1 0.023356646 71.28999999999999 1.2 4.3
1890 7 6.1 0.024671566 100.28999999999999 2.6 5.1
1900 7 8.8 0.023731953 89.56000000000002 3.2 10.0
1910 7 6.9 0.024256134 87.89000000000001 2.4 7.3
1920 7 11.4 0.021937214 122.03999999999999 4.0 10.6
1930 7 3.6 0.023918664 55.64000000000001 0.9 2.9
1940 7 5.2 0.02904721 39.36000000000001 2.9 7.3
1950 7 5.2 0.026666302 75.75999999999999 2.1 6.3
1960 7 5.6 0.023177695 60.64 1.8 5.4
1970 7 5.9 0.020317258 77.89000000000001 2.8 6.7
1980 7 9.9 0.021853445 102.29 3.0 9.5
1990 7 8.3 0.020543944 136.61000000000004 2.2 6.1
2000 7 7.4 0.021575142 113.64000000000001 3.1 5.7
2010 7 8.6 0.02325537 62.040000000000006 3.8 12.0
2020 7 6.3 0.024562623 91.21000000000001 2.2 5.7
2030 7 10.0 0.025894122 156.6 2.2 7.8
2040 7 6.7 0.02699726 77.41000000000001 2.5 8.4
2050 7 13.5 0.027700335 62.05 4.7 15.6
2060 7 7.8 0.03028575 101.96 2.0 7.6
2070 7 8.2 0.03181599 83.16 2.9 8.9
2080 7 6.8 0.032479458 85.96000000000001 1.8 7.4
2090 7 15.4 0.033461012 172.64000000000004 4.7 13.5
2100 7 9.7 0.03715622 110.21000000000001 2.3 10.4
2110 7 7.2 0.03229747 99.36000000000001 2.7 8.1
2120 7 9.3 0.035019666 106.00999999999999 2.2 10.1
2130 7 15.0 0.041938424 126.0 4.2 14.4
2140 7 -0.1 0.03763996 0.09000000000000001 0.0 0.1
2150 7 14.3 0.031017438 122.61000000000001 3.2 12.5
2160 7 5.0 0.036159452 48.4 2.5 7.7
2170 7 5.7 0.025963128 81.41000000000001 1.5 5.0
2180 7 7.8 0.026588548 101.55999999999997 1.7 7.7
2190 7 12.0 0.025798237 152.6 1.4 11.4
2200 7 9.2 0.02581533 88.36 3.9 11.1
2210 7 15.4 0.033031557 69.44000000000001 3.3 16.1
2220 7 2.9 0.033293594 36.69 1.1 4.2
2230 7 11.5 0.03231236 132.25 3.0 10.3
2240 7 6.3 0.030080713 106.00999999999999 1.5 5.8
2250 7 5.6 0.029228045 87.63999999999999 1.5 5.9
2260 7 8.7 0.029619541 103.41 3.3 9.8
2270 7 10.5 0.030652778 71.45 3.7 13.6
2280 7 8.1 0.031224137 128.88999999999996 2.6 7.7
2290 7 7.0 0.030898526 68.4 3.3 9.1
2300 7 13.0 0.0339999 150.0 3.4 11.6
2310 7 7.4 0.03293401 88.84 1.4 7.4
2320 7 13.5 0.03322041 142.05 3.7 12.0
2330 7 12.1 0.03503409 115.28999999999999 4.1 11.0
2340 7 4.4 0.034537412 45.84 1.7 5.9
2350 7 8.8 0.02985431 103.16000000000001 2.5 8.9
2360 7 7.2 0.03318766 109.16 2.1 7.5
2370 7 7.6 0.030882403 90.63999999999999 1.7 6.9
2380 7 8.3 0.02814942 122.61000000000001 2.0 9.3
2390 7 11.7 0.029730847 120.21 3.9 11.4
2400 7 14.0 0.03476563 153.4 3.2 12.2
2410 7 4.5 0.026972901 76.85 1.3 3.2
2420 7 8.5 0.026760785 101.85 3.1 7.0
2430 7 12.3 0.03126807 42.010000000000005 4.7 15.8
2440 7 7.5 0.028323079 90.85 1.9 9.4
2450 7 9.8 0.037366785 113.16000000000001 2.4 9.2
2460 7 10.2 0.03312246 165.35999999999999 2.1 8.1
2470 7 10.0 0.02703601 92.0 3.3 11.1
2480 7 8.4 0.03112554 118.84 2.0 8.8
2490 7 7.1 0.033944994 64.49 3.2 9.3
2500 7 7.7 0.03700321 95.81 2.3 6.8
2510 7 7.3 0.027379984 126.21 2.7 7.4
2520 7 13.0 0.02903471 124.0 4.2 13.6
2530 7 7.7 0.03294001 145.01 1.7 6.2
2540 7 11.4 0.03237304 113.44000000000001 3.3 11.3
2550 7 10.6 0.029998045 81.44 3.1 10.5
2560 7 4.3 0.030830638 67.60999999999999 1.4 3.7
2570 7 7.4 0.033123873 142.24 1.5 5.9
2580 7 10.4 0.028284607 108.04 3.7 10.5
2590 7 6.2 0.029907547 62.160000000000004 2.2 7.2
2600 7 5.1 0.02727115 71.28999999999999 1.6 5.5
2610 7 9.9 0.02572236 114.89000000000001 2.5 9.2
2620 7 9.9 0.024309931 121.49000000000001 2.5 9.0
2630 7 9.0 0.027435064 110.4 2.8 10.8
2640 7 6.3 0.03226909 58.80999999999999 5.2 10.9
2650 7 8.3 0.033918075 98.60999999999999 2.6 8.1
2660 7 8.6 0.032104895 116.83999999999999 1.9 6.9
2670 7 6.8 0.03309217 61.760000000000005 2.8 8.4
2680 7 10.5 0.033521883 87.65 2.5 10.6
2690 7 7.6 0.031159496 104.84 1.8 6.6
2700 7 8.2 0.028785247 83.56 3.2 9.6
2710 7 6.9 0.025729341 118.49000000000001 2.0 6.3
2720 7 3.9 0.0288689 44.89 2.2 5.7
2730 7 4.2 0.027987367 61.96 1.2 4.6
2740 7 9.1 0.027760474 90.28999999999999 2.9 9.8
2750 7 14.0 0.025512908 103.6 4.3 14.5
2760 7 4.8 0.029729037 58.15999999999999 2.2 7.4
2770 7 4.6 0.025943194 38.64 2.2 6.8
2780 7 11.8 0.025983771 122.75999999999999 3.4 10.0
2790 7 5.7 0.02986694 56.61 2.8 8.5
2800 7 13.6 0.03203331 116.44000000000001 3.3 12.5
2810 7 4.9 0.03447712 96.49000000000001 1.3 3.6
2820 7 10.6 0.026114224 95.44000000000001 2.6 10.2
2830 7 4.5 0.028670123 65.85 1.8 4.9
2840 7 11.3 0.028718814 117.21 3.9 9.8
2850 7 13.8 0.02637791 71.36 3.5 15.5
2860 7 6.1 0.028205404 59.08999999999999 2.7 8.2
2870 7 10.2 0.028033199 121.96 3.1 9.9
2880 7 10.5 0.032430183 93.65 2.4 11.3
2890 7 11.4 0.032452248 62.239999999999995 2.5 10.9
2900 7 9.7 0.03473036 153.01 1.6 8.7
2910 7 9.3 0.037124753 109.80999999999999 2.2 8.9
2920 7 2.8 0.031238778 34.76 1.4 3.0
2930 7 2.9 0.026685959 87.89000000000001 0.8 2.5
2940 7 8.4 0.025703419 112.83999999999999 2.3 7.7
2950 7 6.1 0.022410672 56.89 1.3 7.0
2960 7 11.7 0.025085002 71.01 3.4 13.5
2970 7 11.1 0.02554875 97.29 3.5 10.0
2980 7 11.7 0.025866175 137.01 2.5 9.2
2990 7 6.9 0.030184288 39.290000000000006 2.8 9.7
3000 7 12.7 0.031345308 92.01 3.0 13.5
3010 7 6.6 0.031338826 111.83999999999996 3.0 6.8
3020 7 11.7 0.036194585 96.21000000000001 4.0 11.7
3030 7 8.8 0.03291652 114.75999999999999 3.0 8.6
3040 7 10.3 0.031280324 123.80999999999999 1.9 10.0
3050 7 7.1 0.033340048 90.49 1.9 7.2
3060 7 9.4 0.025510477 98.84 2.1 9.3
3070 7 14.5 0.031566333 177.45 3.1 13.0
3080 7 6.2 0.027458044 68.56000000000002 2.1 7.7
3090 7 10.6 0.030518109 96.44000000000001 3.6 12.2
3100 7 10.4 0.030814432 173.04000000000002 2.5 9.1
3110 7 7.8 0.03314979 110.55999999999997 1.8 8.4
3120 7 7.4 0.034140598 139.04 1.8 6.4
3130 7 4.5 0.032799713 87.65 1.7 4.4
3140 7 17.6 0.027664967 110.44000000000001 4.8 14.2
3150 7 7.3 0.028831933 61.00999999999999 3.0 9.5
3160 7 13.3 0.028038286 124.81000000000002 3.1 12.8
3170 7 7.9 0.03353143 126.29000000000003 3.7 9.0
3180 7 5.8 0.030851332 74.56 2.6 6.6
3190 7 8.3 0.031855527 125.01000000000002 2.7 7.0
3200 7 12.9 0.033339683 93.09 3.2 13.5
3210 7 8.0 0.029170042 117.4 1.9 8.1
3220 7 7.6 0.026460754 52.24000000000001 4.1 9.1
3230 7 8.8 0.030239 94.76000000000002 2.4 9.6
3240 7 7.0 0.027618013 122.4 1.1 6.1
3250 7 6.1 0.026840616 86.08999999999999 2.1 6.6
3260 7 7.3 0.027242692 96.80999999999999 1.7 6.6
3270 7 6.4 0.023030113 97.64000000000001 1.2 5.8
3280 7 5.9 0.025054067 57.48999999999999 1.5 7.4
3290 7 8.3 0.024408452 117.41000000000001 1.9 8.4
3300 7 12.3 0.024081133 98.61000000000001 4.5 11.2
3310 7 9.2 0.023643767 141.56 2.8 8.0
3320 7 11.2 0.03009119 128.76000000000002 3.8 10.2
3330 7 7.1 0.028891582 89.09 1.8 7.1
3340 7 17.9 0.028321693 66.49 4.3 18.2
3350 7 11.5 0.033356633 116.25 2.4 10.7
3360 7 4.8 0.03357968 49.959999999999994 3.0 6.2
3370 7 11.0 0.03130441 138.0 2.8 9.8
3380 7 11.2 0.037098877 115.36000000000001 2.9 11.1
3390 7 13.6 0.034464575 126.64000000000001 3.9 10.7
3400 7 14.5 0.035112068 146.45 2.9 11.8
3410 7 12.2 0.03064196 126.16 3.3 11.1
3420 7 9.5 0.034425285 115.25 2.7 9.0
3430 7 13.7 0.03719454 68.21000000000001 3.6 14.9
3440 7 7.0 0.035194423 77.2 3.2 8.0
3450 7 2.6 0.03405871 30.240000000000002 0.9 3.7
3460 7 9.5 0.029379705 116.45 2.8 9.5
3470 7 13.7 0.032414425 109.00999999999999 4.6 13.3
3480 7 11.0 0.034328163 87.4 3.6 9.0
3490 7 5.5 0.031754278 101.65 1.3 4.6
3500 7 2.3 0.024910495 47.61 0.3 2.0
3510 7 3.8 0.023669021 70.76 0.7 3.5
3520 7 3.0 0.017330913 64.8 1.3 2.5
3530 7 9.1 0.02425099 91.68999999999998 2.6 8.1
3540 7 8.5 0.016049335 85.25 2.1 9.0
3550 7 13.1 0.017956486 69.09 4.0 12.9
3560 7 7.8 0.019986391 102.16 1.8 6.6
3570 7 11.1 0.020633107 111.89000000000001 3.1 10.4
3580 7 5.8 0.02399364 109.76000000000003 1.6 5.2
3590 7 8.2 0.026789103 90.76000000000002 2.5 9.1
3600 7 10.7 0.027522784 81.41 4.2 11.1
3610 7 12.5 0.028537191 119.65 3.3 10.6
3620 7 6.6 0.03149799 46.24 2.5 9.1
3630 7 15.3 0.031641927 93.81 3.6 16.1
3640 7 4.0 0.035851326 72.2 1.2 4.0
3650 7 5.6 0.032156702 60.239999999999995 2.6 7.6
3660 7 12.7 0.034218743 137.01000000000002 3.4 12.9
3670 7 9.7 0.039901882 88.01000000000002 3.2 10.3
3680 7 5.7 0.03428222 83.21000000000001 1.8 5.5
3690 7 3.3 0.028305724 40.40999999999999 1.2 4.3
3700 7 3.6 0.025981843 34.44 0.9 4.1
3710 7 7.9 0.026553998 115.69000000000001 1.7 8.6
3720 7 2.7 0.025317786 32.410000000000004 1.9 4.6
3730 7 8.0 0.021230865 77.2 2.4 8.8
3740 7 7.3 0.02150406 108.21 1.4 6.7
3750 7 4.4 0.021034237 54.44 1.6 4.8
3760 7 11.1 0.019745395 73.69 4.7 15.0
3770 7 10.6 0.023438966 128.03999999999996 3.1 9.5
3780 7 11.6 0.033064507 138.44 2.4 10.0
3790 7 5.5 0.028293232 52.45 2.3 6.4
3800 7 6.7 0.027914327 59.21 2.3 8.6
3810 7 4.9 0.02682026 60.290000000000006 1.2 4.3
3820 7 11.6 0.029708304 140.44 2.3 10.7
3830 7 12.0 0.027529765 109.4 2.4 11.6
3840 7 10.4 0.033063825 180.64000000000004 2.9 9.5
3850 7 7.9 0.030342737 66.69 2.5 10.0
3860 7 15.6 0.031025397 120.83999999999999 4.9 14.9
3870 7 8.5 0.03457998 112.85 1.8 9.1
3880 7 6.1 0.035857536 65.89000000000001 1.9 8.2
3890 7 15.4 0.035035532 173.64000000000004 3.6 13.6
3900 7 7.4 0.039432775 154.64000000000004 1.6 5.8
3910 7 6.1 0.032490965 107.89000000000001 1.4 6.3
3920 7 6.7 0.033577915 84.21000000000001 2.2 8.5
3930 7 10.0 0.032230806 136.0 3.1 9.1
3940 7 14.8 0.03347658 120.75999999999999 3.2 14.6
3950 7 8.7 0.03664841 83.21000000000001 2.5 10.6
3960 7 10.5 0.034649428 85.25 2.3 10.0
3970 7 13.2 0.031148784 185.96 2.8 11.0
3980 7 8.9 0.037463006 62.29 3.3 11.4
3990 7 9.6 0.038541194 87.84 3.2 10.8
4000 7 13.6 0.042231288 97.83999999999999 2.2 13.2
4010 7 17.1 0.03915598 87.68999999999998 4.6 15.9
4020 7 6.5 0.038762037 101.05 1.6 8.1
4030 7 10.6 0.03807602 83.64000000000001 2.9 11.3
4040 7 15.5 0.041335523 82.65 4.0 17.3
4050 7 8.0 0.04742548 113.0 1.9 8.9
4060 7 9.4 0.04375056 100.64000000000001 2.6 10.4
4070 7 13.7 0.04242926 150.41 3.6 14.5
4080 7 10.3 0.043809094 153.61 2.8 10.3
4090 7 12.6 0.0485185 112.84 3.5 13.9
4100 7 7.6 0.042416498 100.04 1.5 6.3
4110 7 9.3 0.035856247 120.60999999999999 3.0 9.3
4120 7 7.1 0.036985464 88.68999999999998 2.0 6.7
4130 7 18.8 0.03363309 166.16000000000003 3.2 16.6
4140 7 11.6 0.039007664 87.64000000000001 4.4 12.6
4150 7 12.0 0.040428195 117.6 2.4 12.8
4160 7 10.9 0.03226032 77.89000000000001 4.0 12.5
4170 7 10.5 0.036214456 131.85 2.9 9.8
4180 7 9.5 0.040250283 118.05 2.7 9.8
4190 7 16.7 0.040496204 215.01000000000005 3.0 14.7
4200 7 13.8 0.040705454 144.16 3.0 11.4
4210 7 13.4 0.040402316 155.44 3.4 12.6
4220 7 12.4 0.039209493 162.64000000000001 2.7 10.9
4230 7 12.3 0.03782546 127.00999999999999 4.0 11.7
4240 7 1.7 0.040261026 20.009999999999998 1.3 3.0
4250 7 8.8 0.034555633 44.56 3.5 12.3
4260 7 13.1 0.039488938 149.89 3.5 13.4
4270 7 7.8 0.036837332 79.76 3.5 10.1
4280 7 15.9 0.03579489 121.49000000000001 2.9 15.0
4290 7 11.2 0.038424715 155.36 2.4 10.4
4300 7 4.0 0.037827328 68.2 1.0 4.0
4310 7 11.1 0.03610423 129.49 2.4 11.5
4320 7 8.5 0.036662545 134.85 2.9 8.2
4330 7 4.4 0.038559735 71.84 1.7 6.3
4340 7 7.5 0.03113416 77.65 2.8 9.3
4350 7 8.4 0.032677148 181.44 1.5 7.7
4360 7 7.7 0.030210037 80.21000000000001 2.4 9.1
4370 7 4.3 0.024519458 80.01 0.9 3.4
4380 7 8.5 0.028380174 122.65 2.1 9.2
4390 7 8.5 0.024959305 78.65 2.0 10.1
4400 7 10.8 0.030427547 135.76 2.1 11.1
4410 7 13.4 0.03560796 118.04 3.3 11.9
4420 7 1.1 0.03097791 8.89 1.3 2.2
4430 7 6.9 0.027471295 125.69000000000001 1.6 6.3
4440 7 8.8 0.028826933 146.56 2.7 7.7
4450 7 9.4 0.031442977 105.44000000000001 2.1 9.1
4460 7 12.4 0.027315935 127.64000000000001 3.4 11.4
4470 7 8.6 0.03235029 90.03999999999999 2.2 9.4
4480 7 8.3 0.031794176 72.81 1.8 10.1
4490 7 5.5 0.026693696 75.65 0.9 5.8
4500 7 11.1 0.030041473 156.69 3.9 10.8
4510 7 8.3 0.028751481 111.21000000000001 2.3 7.4
4520 7 13.9 0.029628038 94.69 2.9 14.0
4530 7 12.4 0.030130716 178.04000000000002 2.7 10.5
4540 7 14.6 0.034444463 153.04000000000002 3.2 12.0
4550 7 4.0 0.030203959 60.2 1.5 2.5
4560 7 5.5 0.031737696 48.05 2.8 8.1
4570 7 4.8 0.028774248 57.95999999999998 1.1 6.1
4580 7 10.2 0.029462973 91.36 3.5 11.1
4590 7 5.9 0.026971515 88.69000000000001 1.7 6.6
4600 7 15.6 0.029370505 87.03999999999999 4.9 17.3
4610 7 11.8 0.02979428 100.75999999999999 4.3 12.1
4620 7 13.8 0.033732828 106.16 4.1 12.7
4630 7 15.2 0.04208856 142.16000000000003 4.5 16.1
4640 7 8.1 0.040585753 90.69 2.6 9.9
4650 7 8.4 0.045632824 85.84 1.8 8.4
4660 7 3.9 0.040038325 69.89 0.5 4.0
4670 7 5.1 0.035007216 104.48999999999998 1.2 3.9
4680 7 10.7 0.030252444 193.41 2.5 9.6
4690 7 11.0 0.03279934 138.8 2.5 10.9
4700 7 7.8 0.02973718 63.56 2.6 10.4
4710 7 7.6 0.028674824 131.23999999999998 3.1 7.9
4720 7 13.0 0.02821834 133.0 3.5 13.7
4730 7 18.2 0.034498107 113.55999999999999 3.9 16.9
4740 7 11.9 0.03661431 153.29000000000002 2.8 11.1
4750 7 6.8 0.03997314 123.56000000000002 1.6 5.8
4760 7 9.8 0.03946793 164.76000000000002 2.4 8.8
4770 7 4.0 0.03457614 79.4 1.3 4.1
4780 7 8.2 0.036481198 104.96000000000001 2.3 8.1
4790 7 6.2 0.029732939 95.76 1.4 6.8
4800 7 6.8 0.027550288 82.16 2.1 6.5
4810 7 12.1 0.026119942 123.29 2.5 12.8
4820 7 5.9 0.023048736 88.49000000000001 1.3 6.0
4830 7 9.8 0.019523475 148.16 2.5 7.3
4840 7 5.3 0.024670709 71.01 1.1 5.0
4850 7 13.3 0.023207331 167.41 4.3 12.6
4860 7 11.2 0.025576543 142.76000000000002 2.5 12.5
4870 7 10.0 0.033127055 109.0 2.6 10.8
4880 7 10.8 0.029685272 138.56 2.9 10.1
4890 7 11.6 0.032974366 97.03999999999999 4.0 12.4
4900 7 7.3 0.034522876 143.60999999999999 1.8 6.5
4910 7 5.7 0.034596693 102.21000000000001 1.7 6.8
4920 7 8.8 0.04149391 133.36 1.4 9.8
4930 7 17.6 0.03769664 78.64 4.8 17.8
4940 7 2.4 0.030301904 23.24 1.4 3.8
4950 7 6.9 0.028209098 85.49 2.2 7.7
4960 7 10.7 0.029597245 130.40999999999997 2.3 10.0
4970 7 13.5 0.031041019 124.05 4.0 14.5
4980 7 8.7 0.031090047 106.61000000000001 3.1 10.2
4990 7 5.6 0.030336807 61.64 3.0 8.6
5000 7 8.0 0.033555467 103.2 1.8 7.6
5010 7 14.4 0.03393591 155.44 3.0 13.4
5020 7 9.5 0.035881445 155.05 1.8 9.3
5030 7 7.2 0.04457633 139.16 1.8 6.8
5040 7 16.1 0.03278321 189.89000000000001 4.1 13.4
5050 7 9.5 0.029938778 122.45 2.0 9.7
5060 7 4.0 0.034850806 74.2 0.9 4.7
5070 7 10.7 0.038909465 185.41 2.7 9.6
5080 7 7.2 0.033451613 132.36 1.6 5.6
5090 7 15.7 0.035166375 187.81 3.3 15.2
5100 7 8.9 0.03728935 84.69000000000001 2.4 11.1
5110 7 13.0 0.032864206 125.2 2.7 12.1
5120 7 10.9 0.041816127 147.69 2.8 10.7
5130 7 11.0 0.036815345 122.2 2.0 10.4
5140 7 10.3 0.040825423 114.80999999999999 1.7 11.2
5150 7 9.8 0.038364552 120.16 2.5 9.7
5160 7 15.7 0.04172272 139.60999999999999 4.7 15.4
5170 7 10.4 0.03882852 105.24000000000001 2.7 12.1
5180 7 14.4 0.039241925 226.84000000000006 3.6 11.2
5190 7 18.3 0.049175363 158.01000000000002 5.1 19.4
5200 7 7.8 0.040726043 169.75999999999996 2.3 7.5
5210 7 9.2 0.047516488 138.76 2.5 7.5
5220 7 5.9 0.040163297 59.08999999999999 1.6 6.5
5230 7 10.4 0.035724044 145.44 2.9 10.5
5240 7 7.9 0.03998497 74.69 2.7 9.2
5250 7 4.2 0.036608245 70.96000000000001 0.8 4.8
5260 7 9.3 0.02909188 130.01 2.6 8.3
5270 7 16.0 0.029548358 172.2 3.0 13.0
5280 7 11.8 0.02716589 107.35999999999999 2.5 11.3
5290 7 7.8 0.031899255 92.16 1.2 8.8
5300 7 10.0 0.03355628 124.8 2.7 10.7
5310 7 10.3 0.03698976 110.00999999999999 3.1 11.2
5320 7 13.7 0.03413693 141.81 3.0 12.3
5330 7 8.1 0.03786249 92.49000000000001 1.7 8.8
5340 7 8.3 0.037796367 107.21 2.6 8.9
5350 7 13.1 0.032439135 106.89000000000001 3.8 13.5
5360 7 11.5 0.045249864 156.45 2.9 10.4
5370 7 1.8 0.031842828 32.959999999999994 0.3 2.3
5380 7 12.5 0.02963246 97.65 2.7 13.2
5390 7 12.5 0.03216845 137.85 3.4 12.3
5400 7 10.6 0.036460713 76.24000000000001 3.2 12.0
5410 7 14.5 0.0369327 61.85 4.9 18.6
5420 7 4.3 0.03785282 82.41 1.3 4.0
5430 7 16.2 0.035516247 185.96000000000004 3.2 13.6
5440 7 16.8 0.04617993 157.35999999999999 4.5 16.5
5450 7 8.8 0.051385727 108.96 4.1 11.5
5460 7 13.4 0.045140866 144.04000000000002 2.8 11.8
5470 7 4.6 0.04033446 86.63999999999999 2.2 5.6
5480 7 8.9 0.037103448 89.29 2.9 10.4
5490 7 8.2 0.03933362 69.56 2.2 9.2
5500 7 13.2 0.045080166 87.16000000000001 3.5 15.7
5510 7 5.3 0.04028044 117.80999999999999 1.6 3.9
5520 7 17.4 0.03595768 99.63999999999999 4.3 16.3
5530 7 11.8 0.041094054 114.16 2.7 12.1
5540 7 15.5 0.04202164 175.25 3.2 14.1
5550 7 7.4 0.041502424 84.24000000000001 2.0 9.4
5560 7 12.4 0.03444923 167.04000000000002 2.3 11.3
5570 7 11.8 0.042315498 108.75999999999999 2.2 12.0
5580 7 9.4 0.042702645 195.04000000000002 2.4 7.6
5590 7 11.4 0.040089715 138.44 1.6 11.0
5600 7 15.7 0.041219983 123.00999999999999 2.8 14.9
5610 7 13.0 0.039968338 121.4 3.4 11.4
5620 7 7.6 0.042018317 146.04000000000002 1.9 5.9
5630 7 7.6 0.037405346 100.03999999999999 2.1 8.9
5640 7 11.3 0.03729659 99.01 2.6 13.3
5650 7 8.5 0.03320469 123.25 2.1 9.4
5660 7 19.7 0.038454667 124.41000000000001 4.2 16.5
5670 7 9.5 0.03529343 100.45 2.6 12.1
5680 7 13.8 0.040616717 157.16000000000003 3.8 13.8
5690 7 20.4 0.042435106 172.04000000000002 4.7 18.7
5700 7 12.1 0.04919508 159.89000000000001 3.0 12.3
5710 7 7.7 0.04464644 146.21000000000004 1.5 6.6
5720 7 6.9 0.047639705 85.89000000000001 2.4 8.3
5730 7 8.8 0.04213391 78.16 1.7 10.1
5740 7 7.0 0.038966507 119.6 1.5 6.3
5750 7 3.9 0.037388388 74.09 1.1 4.8
5760 7 10.8 0.03170711 141.56 3.9 13.3
5770 7 9.2 0.027374376 191.95999999999998 1.9 7.3
5780 7 8.3 0.032401413 115.00999999999999 2.0 9.5
5790 7 13.7 0.031547304 134.81 3.0 12.3
5800 7 11.9 0.034480814 78.89000000000001 3.8 13.3
5810 7 5.0 0.03279543 117.6 1.2 4.2
5820 7 13.7 0.03520113 155.61 3.6 13.9
5830 7 12.4 0.033238236 163.44 2.6 11.0
5840 7 6.5 0.03704241 107.85 1.3 6.2
5850 7 7.8 0.035569243 147.55999999999997 1.7 6.1
5860 7 11.4 0.032972362 143.04000000000002 2.6 12.0
5870 7 7.9 0.034235835 102.69000000000001 2.0 9.1
5880 7 6.4 0.034706328 87.84 2.2 7.6
5890 7 13.2 0.030732816 148.56 2.8 12.0
5900 7 10.1 0.031335875 125.88999999999999 2.7 10.0
5910 7 9.1 0.03628409 139.28999999999996 2.4 9.7
5920 7 10.9 0.039050452 143.69 2.3 11.4
5930 7 11.1 0.038142204 128.89 3.5 11.0
5940 7 4.7 0.035580944 100.41000000000001 0.8 4.7
5950 7 18.2 0.033959962 111.36000000000001 4.2 16.0
5960 7 6.2 0.038399957 106.76000000000002 2.0 7.0
5970 7 5.1 0.033950303 108.08999999999999 1.9 5.8
5980 7 8.4 0.03756479 139.84 1.8 8.0
5990 7 7.6 0.0352196 170.24 1.8 6.6
6000 7 2.9 0.034740914 25.689999999999998 1.5 4.4
6010 7 6.6 0.029097576 81.44 1.9 7.1
6020 7 5.5 0.022358585 44.65 2.1 7.0
6030 7 8.4 0.021343254 120.44000000000001 2.2 8.8
6040 7 11.4 0.028479287 124.24000000000001 2.3 11.5
6050 7 2.0 0.020334344 15.4 1.2 3.0
6060 7 5.3 0.023874823 82.00999999999999 1.5 5.6
6070 7 9.7 0.026663406 126.61000000000001 2.0 10.5
6080 7 12.4 0.026982753 118.43999999999998 2.7 12.1
6090 7 9.4 0.028861344 112.24000000000001 3.9 9.1
6100 7 14.5 0.029739775 114.65 3.6 14.1
6110 7 15.3 0.034402426 128.81 3.0 14.7
6120 7 13.2 0.0407082 134.96 3.4 12.6
6130 7 10.5 0.042299453 82.45 3.7 11.4
6140 7 10.7 0.04286256 177.21 1.6 9.9
6150 7 13.3 0.04074463 140.21 3.2 13.3
6160 7 9.4 0.04041356 143.44 2.2 7.2
6170 7 14.1 0.033553306 101.08999999999999 3.1 16.0
6180 7 8.8 0.037488695 127.75999999999999 1.7 8.5
6190 7 12.6 0.03778571 121.84 3.0 13.4
6200 7 12.6 0.040217686 127.43999999999998 3.4 12.6
6210 7 5.1 0.0377307 66.69 1.6 6.7
6220 7 11.1 0.036367714 91.28999999999999 3.1 13.4
6230 7 11.0 0.03923012 87.6 3.1 14.1
6240 7 11.4 0.043370992 152.24000000000004 3.8 10.2
6250 7 9.1 0.039032295 151.29 2.5 9.6
6260 7 11.1 0.038264174 141.29 3.6 10.7
6270 7 10.1 0.0395167 172.69 3.1 9.8
6280 7 6.1 0.04125523 56.89000000000001 2.5 8.6
6290 7 7.7 0.035352763 143.81 1.3 6.8
6300 7 11.7 0.029845791 116.80999999999999 3.4 13.5
6310 7 9.7 0.033638995 98.41 2.0 11.1
6320 7 4.8 0.034078415 56.959999999999994 1.3 6.1
6330 7 17.4 0.03445558 148.84 4.1 14.1
6340 7 15.1 0.037925374 129.69 3.5 14.6
6350 7 10.5 0.039758265 135.65 3.2 12.3
6360 7 14.0 0.041125976 171.6 4.0 13.2
6370 7 10.4 0.043252736 105.24000000000001 2.0 11.8
6380 7 6.9 0.04288254 119.68999999999998 1.6 6.7
6390 7 4.4 0.040933527 58.040000000000006 1.8 5.8
6400 7 11.6 0.04070413 163.43999999999997 3.3 9.9
6410 7 11.2 0.03812794 156.56 3.5 11.1
6420 7 11.8 0.02782366 121.55999999999999 4.0 12.0
6430 7 13.5 0.032293055 208.85 3.6 11.3
6440 7 11.4 0.0341206 107.64000000000001 3.8 12.6
6450 7 15.2 0.037661742 192.56 4.0 13.2
6460 7 11.9 0.039176013 110.29 2.6 12.9
6470 7 14.8 0.03929142 168.15999999999997 3.7 14.7
6480 7 18.0 0.042736612 154.4 2.8 17.0
6490 7 14.5 0.051008496 158.65 3.8 15.1
6500 7 13.5 0.05320336 103.85 4.0 15.1
6510 7 9.4 0.051028606 152.64 1.7 9.1
6520 7 10.2 0.050650515 169.35999999999999 2.4 9.0
6530 7 12.8 0.044880703 143.56 2.5 12.3
6540 7 7.8 0.046315663 110.55999999999999 2.6 8.6
6550 7 12.6 0.04627004 176.44 1.8 11.4
6560 7 17.8 0.042484608 118.16 4.4 17.8
6570 7 7.0 0.038299415 62.4 3.3 10.3
6580 7 11.4 0.043681838 170.44 3.0 12.4
6590 7 15.5 0.045915138 117.05 3.6 16.1
6600 7 5.1 0.049812708 74.49000000000001 1.8 7.1
6610 7 9.6 0.044039443 103.43999999999998 2.4 10.4
6620 7 10.0 0.045084685 151.4 1.5 9.3
6630 7 16.0 0.047775842 136.4 4.6 14.6
6640 7 6.9 0.045596547 80.29 2.2 9.1
6650 7 9.6 0.043383077 88.84 2.4 11.2
6660 7 6.3 0.039609227 100.00999999999999 1.6 7.3
6670 7 8.6 0.03371578 123.84 2.6 8.0
6680 7 11.1 0.034150485 164.08999999999997 2.8 10.9
6690 7 10.8 0.033524666 175.16000000000003 2.4 8.8
6700 7 9.4 0.040833514 115.64000000000001 4.1 11.9
6710 7 7.7 0.031445492 143.20999999999998 1.2 6.5
6720 7 7.1 0.028776327 120.89000000000001 1.6 6.3
6730 7 10.4 0.033914313 133.24 3.1 9.9
6740 7 12.8 0.034046 186.36 2.5 10.5
6750 7 11.8 0.033338673 129.16 3.1 11.9
6760 7 12.5 0.04176891 166.85 3.2 11.5
6770 7 10.6 0.037234478 94.24 2.9 11.3
6780 7 8.5 0.037730366 130.45 1.8 6.7
6790 7 11.7 0.03302909 164.21 3.1 10.4
6800 7 8.2 0.03672781 162.96 1.6 6.6
6810 7 12.4 0.033690173 128.84 3.6 13.6
6820 7 9.8 0.03439455 145.16 2.0 7.8
6830 7 11.5 0.03381829 155.25 2.2 10.3
6840 7 9.1 0.03431224 139.69 2.4 7.7
6850 7 6.3 0.028639898 105.61000000000001 0.9 6.8
6860 7 9.6 0.02898335 93.84 3.3 10.5
6870 7 10.3 0.03307184 121.00999999999999 2.5 11.0
6880 7 10.8 0.03338012 94.96000000000001 3.3 12.3
6890 7 10.9 0.031834535 125.89000000000001 2.4 10.5
6900 7 6.9 0.027410934 78.29 2.1 8.4
6910 7 3.0 0.03174565 93.6 0.6 2.8
6920 7 7.3 0.030543309 73.00999999999999 2.4 8.9
6930 7 7.5 0.03263881 59.05 2.6 9.5
6940 7 4.7 0.032340113 52.210000000000015 1.6 6.1
6950 7 6.8 0.02756534 77.96 1.8 8.2
6960 7 12.6 0.022367502 139.04 3.2 10.6
6970 7 9.9 0.0330587 152.08999999999997 2.8 10.9
6980 7 15.6 0.032336332 94.43999999999998 3.5 17.3
6990 7 14.6 0.035891324 150.44 2.5 12.9
7000 7 6.9 0.03763743 90.49000000000001 1.3 7.0
7010 7 9.3 0.03843268 157.60999999999999 2.9 9.0
7020 7 8.4 0.03587593 117.44000000000001 1.9 9.1
7030 7 16.7 0.041395728 135.20999999999998 3.9 16.0
7040 7 7.8 0.039901838 145.95999999999998 1.8 6.2
7050 7 10.5 0.034039427 110.05 2.1 11.2
7060 7 15.0 0.033545632 134.8 3.3 14.7
7070 7 12.7 0.040509813 173.21000000000004 2.7 11.2
7080 7 9.1 0.040870503 108.48999999999998 2.6 10.5
7090 7 12.3 0.037176795 92.81 3.5 12.6
7100 7 6.2 0.04038218 103.76000000000002 1.7 6.9
7110 7 15.9 0.034470115 140.89000000000001 3.8 16.3
7120 7 9.1 0.04038252 133.48999999999998 1.4 9.5
7130 7 15.8 0.04286817 183.35999999999999 3.4 14.2
7140 7 11.3 0.04179838 142.20999999999998 2.6 12.1
7150 7 8.1 0.040267467 171.69 3.0 7.3
7160 7 14.7 0.045006733 161.80999999999997 2.9 14.0
7170 7 16.9 0.046721287 162.09 4.0 15.9
7180 7 10.2 0.049608782 112.36000000000001 2.3 11.5
7190 7 14.9 0.043095473 177.49 3.3 14.2
7200 7 12.5 0.047444746 140.05 3.5 12.6
7210 7 12.3 0.05023895 169.01 2.2 12.5
7220 7 3.6 0.042696357 66.84 1.2 4.6
7230 7 11.0 0.046934687 156.2 3.2 9.8
7240 7 15.3 0.033506125 156.61000000000004 2.7 13.4
7250 7 5.3 0.036108557 112.21 2.0 6.1
7260 7 10.9 0.038506042 145.09 2.8 11.3
7270 7 7.7 0.03456186 148.21 1.5 7.0
7280 7 12.7 0.030342588 135.01000000000002 3.4 13.3
7290 7 7.7 0.03130582 101.21 1.5 9.0
7300 7 12.6 0.036055837 141.23999999999998 3.3 14.1
7310 7 9.0 0.03781192 134.6 2.6 7.6
7320 7 6.6 0.034498 125.03999999999996 1.6 6.8
7330 7 8.8 0.04121676 131.16000000000003 1.5 8.5
7340 7 7.2 0.027577337 90.36000000000001 1.1 7.9
7350 7 13.6 0.03302831 199.23999999999998 2.7 11.1
7360 7 15.2 0.033265717 146.76000000000002 4.5 16.5
7370 7 7.0 0.03656272 136.8 2.0 6.6
7380 7 9.9 0.036904976 181.49 2.8 9.7
7390 7 5.8 0.03285424 57.56 1.5 7.5
7400 7 12.5 0.035164032 197.25 3.1 10.0
7410 7 10.4 0.030652355 120.64000000000003 1.8 11.0
7420 7 11.7 0.037941158 112.00999999999999 3.4 11.9
7430 7 13.5 0.036023445 120.85 3.9 15.2
7440 7 13.9 0.03873306 144.29000000000002 2.7 14.2
7450 7 16.3 0.04620712 150.41000000000003 3.2 15.9
7460 7 5.0 0.043042563 71.4 1.7 5.9
7470 7 6.8 0.042294446 87.16 2.4 8.0
7480 7 5.9 0.035652116 143.49 1.1 5.0
7490 7 11.5 0.041948333 114.45 4.0 13.7
7500 7 13.2 0.036480416 188.76000000000002 3.6 13.2
7510 7 8.8 0.0366837 128.16 1.7 8.5
7520 7 15.2 0.036105122 181.76000000000002 3.0 15.0
7530 7 21.5 0.0312946 134.85 4.1 20.2
7540 7 12.5 0.041768346 195.05 2.8 11.9
7550 7 7.3 0.047843054 94.21 1.5 8.8
7560 7 -0.2 0.046356697 0.16000000000000006 0.1 0.1
7570 7 4.1 0.042883217 79.88999999999999 0.9 3.6
7580 7 6.6 0.039678626 79.84 1.7 7.9
7590 7 11.5 0.034642708 141.65 1.6 11.1
7600 7 13.4 0.027317474 83.24000000000001 3.4 13.6
7610 7 7.9 0.024085328 105.29 1.9 9.2
7620 7 6.4 0.026619583 62.84000000000001 2.2 8.6
7630 7 9.0 0.026635267 129.8 1.4 9.2
7640 7 13.2 0.03371631 193.76 3.1 11.7
7650 7 7.6 0.035825435 97.03999999999999 1.6 8.0
7660 7 11.3 0.028035628 140.41 2.6 10.5
7670 7 13.5 0.03735073 202.25 3.0 11.5
7680 7 14.3 0.035596013 105.00999999999999 3.5 16.6
7690 7 9.8 0.039037064 162.16 2.5 9.7
7700 7 2.3 0.039787903 32.01 1.0 3.7
7710 7 9.3 0.03442486 143.81 1.1 8.6
7720 7 13.6 0.040791538 194.83999999999997 2.1 13.9
7730 7 6.1 0.04090078 80.49 1.8 7.1
7740 7 8.1 0.035332527 131.08999999999997 2.3 9.0
7750 7 0.9 0.034680758 9.29 0.8 1.9
7760 7 17.4 0.028025055 161.64000000000001 3.5 16.1
7770 7 12.1 0.03525022 176.89 2.5 11.2
7780 7 7.7 0.038284607 83.41 2.2 7.9
7790 7 12.7 0.0329317 166.60999999999999 1.9 12.4
7800 7 7.6 0.031502917 155.83999999999997 1.7 6.9
7810 7 7.2 0.034712072 130.56 1.4 7.2
7820 7 16.8 0.038475007 170.56 3.7 15.5
7830 7 12.0 0.038560323 108.0 2.4 13.0
7840 7 9.7 0.042541947 103.80999999999999 3.2 12.1
7850 7 4.9 0.039721563 93.09 1.0 3.9
7860 7 4.0 0.035754398 46.6 2.0 6.2
7870 7 8.2 0.027480489 164.16 1.3 6.9
7880 7 4.4 0.03450398 86.04 1.2 4.2
7890 7 9.0 0.03049242 169.4 1.7 8.5
7900 7 15.6 0.031145426 71.43999999999998 3.3 18.1
7910 7 9.2 0.029408015 101.36 2.9 11.1
7920 7 8.2 0.030495338 118.35999999999999 2.2 8.2
7930 7 9.8 0.033737767 85.96 2.9 12.7
7940 7 11.5 0.033494383 115.65 3.8 12.7
7950 7 15.1 0.042458627 70.89000000000001 4.6 17.5
7960 7 11.3 0.04831887 150.60999999999999 2.6 11.1
7970 7 14.1 0.039247915 141.29 3.9 12.6
7980 7 9.5 0.046730526 144.25 2.4 10.1
7990 7 4.6 0.047189064 51.239999999999995 1.6 6.2
8000 7 12.5 0.044341985 137.65 3.4 13.3
