GAME_NUMBER Max_Score mavg_score mavg_loss var_score mavg_food mavg_poison 
10 3 -0.4 0.018126633 6.840000000000001 1.8 2.2
20 4 0.6 0.016302226 2.04 1.9 1.3
30 4 0.7 0.016242879 2.8099999999999996 2.1 1.4
40 4 0.6 0.01635759 2.8400000000000003 2.2 1.6
50 4 0.3 0.01594388 1.81 1.9 1.6
60 4 0.6 0.01619548 2.04 2.8 2.2
70 4 -0.5 0.016657017 3.85 2.1 2.6
80 4 0.9 0.016478391 6.49 2.9 2.0
90 4 0.1 0.016604291 1.49 2.6 2.5
100 5 1.2 0.016962748 7.160000000000001 4.1 2.9
110 5 0.1 0.01747613 5.290000000000001 3.1 3.0
120 5 0.4 0.018516606 1.6400000000000001 2.8 2.4
130 5 -0.1 0.018158384 3.6900000000000004 2.5 2.6
140 7 1.4 0.018007515 6.239999999999999 3.0 1.6
150 7 -0.4 0.018129036 5.039999999999999 2.0 2.4
160 7 -0.6 0.017988393 6.640000000000001 2.7 3.3
170 7 -1.1 0.018569909 3.0900000000000007 1.9 3.0
180 7 -1.7 0.017655803 13.01 2.3 4.0
190 7 -1.2 0.01797549 4.76 2.4 3.6
200 7 -1.7 0.018326646 3.6099999999999994 2.2 3.9
210 7 -1.2 0.018968152 3.7600000000000002 2.7 3.9
220 7 -1.1 0.019388778 6.290000000000001 2.2 3.3
230 7 -1.8 0.019697964 9.16 3.2 5.0
240 7 -0.4 0.020220209 2.2399999999999998 3.5 3.9
250 7 -0.6 0.02096447 1.24 3.6 4.2
260 7 -0.2 0.021114377 4.56 2.7 2.9
270 7 0.1 0.020942817 5.49 4.5 4.4
280 7 -0.1 0.020700943 7.49 4.0 4.1
290 7 -1.2 0.020815613 8.959999999999999 3.7 4.9
300 7 -0.1 0.020879421 7.290000000000002 4.5 4.6
310 8 0.8 0.021961095 11.360000000000001 5.0 4.2
320 8 0.9 0.0217551 8.69 4.6 3.7
330 8 1.0 0.023507988 5.0 4.1 3.1
340 8 1.5 0.02235192 4.45 4.0 2.5
350 8 2.4 0.022214215 11.84 4.9 2.5
360 9 3.6 0.023058247 8.84 5.7 2.1
370 9 4.9 0.02251236 8.09 7.5 2.6
380 9 4.6 0.0227929 8.04 6.9 2.3
390 9 3.6 0.021807583 6.640000000000001 6.3 2.7
400 9 4.0 0.022411527 7.0 6.2 2.2
410 9 4.0 0.023356752 3.8 6.2 2.2
420 9 4.2 0.024284614 5.760000000000001 6.0 1.8
430 9 3.4 0.0242233 9.239999999999998 5.2 1.8
440 9 5.0 0.022876173 4.6 6.5 1.5
450 9 3.1 0.023714503 7.290000000000001 5.5 2.4
460 15 4.9 0.023799442 18.29 6.8 1.9
470 15 3.9 0.022524059 11.29 5.2 1.3
480 15 3.4 0.021381563 3.6399999999999997 4.8 1.4
490 15 4.2 0.02219923 3.3600000000000003 5.4 1.2
500 15 5.7 0.021649634 3.21 7.3 1.6
510 15 4.0 0.021488482 9.8 6.0 2.0
520 15 5.8 0.021550842 6.959999999999999 7.8 2.0
530 15 6.0 0.02124801 9.6 7.8 1.8
540 15 3.5 0.022822492 2.25 5.5 2.0
550 15 5.4 0.022868304 5.840000000000001 7.3 1.9
560 15 5.3 0.023393784 10.010000000000002 6.7 1.4
570 15 6.1 0.024082642 9.49 7.4 1.3
580 15 3.8 0.023845948 14.76 6.3 2.5
590 15 4.7 0.024951093 17.009999999999998 7.3 2.6
600 15 2.7 0.024259271 7.609999999999999 6.9 4.2
610 15 6.0 0.024047356 11.6 8.6 2.6
620 15 4.6 0.026815541 9.44 7.4 2.8
630 15 5.9 0.025160888 3.0900000000000003 7.4 1.5
640 15 6.1 0.026191505 1.0899999999999999 8.0 1.9
650 15 5.2 0.02604937 5.96 7.3 2.1
660 15 3.2 0.025110882 14.160000000000002 5.4 2.2
670 15 4.1 0.023956995 6.09 5.9 1.8
680 15 4.3 0.023742614 11.41 6.0 1.7
690 15 6.1 0.02352914 7.290000000000001 7.1 1.0
700 15 6.6 0.023217354 12.239999999999998 8.6 2.0
710 15 4.3 0.022772659 5.21 6.3 2.0
720 15 4.0 0.023789395 14.0 5.7 1.7
730 15 5.0 0.022647785 4.4 6.8 1.8
740 15 5.0 0.022352777 11.6 6.9 1.9
750 15 6.4 0.023744239 8.040000000000001 8.1 1.7
760 15 5.6 0.023775393 9.040000000000003 7.2 1.6
770 15 5.9 0.02341749 5.290000000000001 7.7 1.8
780 15 5.1 0.024133895 13.690000000000001 7.5 2.4
790 15 3.8 0.024608437 3.3600000000000003 6.1 2.3
800 15 5.4 0.024820255 7.640000000000001 8.0 2.6
810 15 4.8 0.02507651 7.160000000000001 6.9 2.1
820 15 6.5 0.023756498 14.85 7.8 1.3
830 15 8.5 0.02389838 10.65 9.4 0.9
840 15 7.8 0.026204811 5.5600000000000005 8.7 0.9
850 15 7.8 0.023853274 14.760000000000002 9.1 1.3
860 15 5.3 0.024522759 9.21 6.9 1.6
870 15 5.7 0.024861552 9.010000000000002 6.9 1.2
880 15 5.7 0.024502855 4.21 6.9 1.2
890 15 4.9 0.025066487 4.49 6.7 1.8
900 15 3.5 0.024291357 7.85 5.5 2.0
910 15 3.3 0.022160899 7.01 5.4 2.1
920 15 7.9 0.022569189 6.090000000000001 9.2 1.3
930 15 5.5 0.024368368 5.45 7.1 1.6
940 15 6.8 0.023217857 12.36 7.9 1.1
950 15 4.7 0.023731269 6.010000000000001 6.9 2.2
960 15 5.8 0.022621373 9.16 8.2 2.4
970 15 4.4 0.023611749 4.84 6.7 2.3
980 15 5.5 0.023205882 6.25 7.9 2.4
990 15 5.2 0.023832232 12.760000000000002 7.0 1.8
1000 15 5.0 0.02338351 2.2 6.7 1.7
1010 15 5.5 0.024166584 4.85 7.3 1.8
1020 15 4.8 0.02365541 8.16 6.9 2.1
1030 15 4.2 0.025003945 9.16 7.2 3.0
1040 15 4.5 0.023365323 5.65 6.9 2.4
1050 15 5.7 0.024520654 3.0100000000000002 7.8 2.1
1060 15 6.0 0.024351753 12.4 8.4 2.4
1070 15 7.4 0.025191227 14.639999999999997 9.6 2.2
1080 15 5.8 0.025600519 11.16 8.6 2.8
1090 15 5.5 0.0253311 10.65 8.7 3.2
1100 15 7.1 0.027376346 18.89 10.0 2.9
1110 15 5.5 0.027195139 7.85 7.1 1.6
1120 15 5.5 0.025962653 21.25 7.8 2.3
1130 15 6.9 0.0266889 4.8900000000000015 8.1 1.2
1140 15 7.2 0.027917087 13.16 9.1 1.9
1150 15 6.4 0.026566368 5.6400000000000015 7.7 1.3
1160 15 6.0 0.02813435 5.0 8.2 2.2
1170 15 7.9 0.02478707 8.09 9.5 1.6
1180 15 5.5 0.02600293 7.65 7.6 2.1
1190 15 6.5 0.026039971 9.45 8.9 2.4
1200 15 4.2 0.02780049 9.360000000000001 6.6 2.4
1210 15 5.3 0.024276298 6.21 7.1 1.8
1220 15 6.5 0.02518433 11.05 8.4 1.9
1230 15 6.0 0.024232903 9.8 7.9 1.9
1240 15 6.5 0.024208806 6.05 9.0 2.5
1250 15 7.3 0.024967145 17.610000000000003 9.0 1.7
1260 15 5.1 0.024508286 2.69 6.9 1.8
1270 15 6.7 0.027455622 10.01 8.3 1.6
1280 15 4.9 0.02634508 9.09 6.5 1.6
1290 15 4.8 0.025683003 5.5600000000000005 6.4 1.6
1300 15 6.1 0.025281753 11.690000000000001 7.8 1.7
1310 15 4.3 0.02279228 2.6100000000000003 5.6 1.3
1320 15 4.7 0.023747094 7.01 6.9 2.2
1330 15 6.4 0.022722077 13.64 7.6 1.2
1340 15 5.2 0.02248908 5.96 6.9 1.7
1350 15 4.6 0.02244454 11.24 6.6 2.0
1360 15 6.1 0.023370694 9.290000000000001 7.5 1.4
1370 15 5.7 0.022083692 4.41 7.4 1.7
1380 15 7.2 0.021825165 20.560000000000002 9.2 2.0
1390 15 6.0 0.02331161 12.0 7.4 1.4
1400 15 6.2 0.024187466 12.36 8.6 2.4
1410 16 6.7 0.024693396 14.610000000000003 8.2 1.5
1420 16 6.3 0.02371664 15.010000000000002 9.1 2.8
1430 16 4.2 0.02379857 2.7600000000000002 6.8 2.6
1440 16 3.9 0.024847183 14.290000000000001 7.4 3.5
1450 16 6.9 0.025846476 9.489999999999998 9.4 2.5
1460 16 5.1 0.026071714 11.290000000000001 7.3 2.2
1470 16 7.8 0.028031114 15.16 9.6 1.8
1480 16 6.5 0.029179871 12.65 8.5 2.0
1490 16 4.0 0.027122002 7.4 7.4 3.4
1500 16 3.2 0.027107688 10.56 5.9 2.7
1510 16 8.3 0.02672872 5.61 10.0 1.7
1520 16 7.6 0.02643489 6.840000000000001 9.5 1.9
1530 16 5.2 0.02891702 5.76 6.8 1.6
1540 16 6.5 0.026550312 6.25 8.0 1.5
1550 16 7.1 0.026169272 13.09 8.9 1.8
1560 16 5.2 0.026019465 9.360000000000001 6.8 1.6
1570 16 4.9 0.025406778 6.29 7.6 2.7
1580 16 6.6 0.024810035 7.839999999999999 8.8 2.2
1590 16 5.4 0.025720542 11.04 7.9 2.5
1600 16 4.7 0.023165353 8.41 6.6 1.9
1610 16 6.4 0.025244772 7.039999999999999 8.1 1.7
1620 16 4.2 0.024989642 17.36 7.0 2.8
1630 16 6.1 0.023571974 10.690000000000001 7.7 1.6
1640 16 8.1 0.023864333 11.690000000000001 9.8 1.7
1650 16 6.9 0.02559637 5.090000000000001 8.9 2.0
1660 16 5.6 0.025755325 6.840000000000001 7.3 1.7
1670 16 7.8 0.024466613 12.959999999999999 10.1 2.3
1680 16 5.6 0.027321447 10.84 7.2 1.6
1690 16 8.2 0.025876766 7.960000000000001 10.0 1.8
1700 16 7.4 0.028225832 5.239999999999999 9.1 1.7
1710 16 7.0 0.026779842 15.4 8.9 1.9
1720 16 6.1 0.027649447 16.490000000000002 8.4 2.3
1730 16 7.3 0.025845865 5.41 8.9 1.6
1740 16 7.7 0.026294889 16.009999999999998 9.9 2.2
1750 16 3.8 0.026665805 9.56 7.0 3.2
1760 16 6.8 0.026016902 8.36 9.1 2.3
1770 16 7.0 0.028109144 10.4 9.4 2.4
1780 16 5.5 0.026296848 15.05 7.6 2.1
1790 16 5.7 0.02573406 11.61 9.2 3.5
1800 16 6.3 0.027088495 10.809999999999999 9.0 2.7
1810 16 5.4 0.026718635 5.64 7.8 2.4
1820 16 5.2 0.027166665 8.760000000000002 8.3 3.1
1830 16 5.3 0.02630238 5.61 6.8 1.5
1840 16 5.7 0.026969725 10.010000000000002 8.1 2.4
1850 16 6.9 0.026348272 6.290000000000001 8.5 1.6
1860 16 7.9 0.02717432 7.289999999999999 9.5 1.6
1870 16 6.0 0.026876433 7.4 7.8 1.8
1880 16 7.2 0.02601251 12.16 9.2 2.0
1890 16 6.2 0.028459068 18.16 9.1 2.9
1900 16 6.9 0.02676981 8.690000000000001 8.1 1.2
1910 16 4.5 0.025478704 10.45 6.6 2.1
1920 16 4.8 0.024940474 12.56 7.9 3.1
1930 16 5.4 0.027196543 11.24 8.0 2.6
1940 16 4.1 0.025495827 7.289999999999999 7.2 3.1
1950 16 5.9 0.025710551 6.69 8.5 2.6
1960 16 6.5 0.026002403 3.85 8.7 2.2
1970 16 6.0 0.02624625 15.0 7.8 1.8
1980 16 8.6 0.027052084 8.84 10.4 1.8
1990 16 6.4 0.026001722 5.840000000000001 8.8 2.4
2000 16 6.7 0.02688686 11.209999999999999 8.6 1.9
2010 16 7.5 0.027179124 11.45 10.2 2.7
2020 16 6.3 0.028160622 12.41 8.9 2.6
2030 16 8.3 0.029391099 9.41 10.7 2.4
2040 16 7.1 0.029240118 7.890000000000001 9.1 2.0
2050 16 6.4 0.031849332 12.040000000000003 8.4 2.0
2060 16 8.3 0.027748505 6.409999999999999 9.8 1.5
2070 16 6.5 0.02831205 13.65 9.2 2.7
2080 16 6.2 0.027377475 13.36 8.8 2.6
2090 16 8.3 0.02694649 13.010000000000002 10.2 1.9
2100 16 4.9 0.02804472 10.09 7.3 2.4
2110 16 6.6 0.026430426 9.84 9.0 2.4
2120 16 6.4 0.027703336 11.239999999999998 8.4 2.0
2130 18 7.1 0.02766835 31.29 9.7 2.6
2140 18 6.2 0.026561972 6.5600000000000005 8.6 2.4
2150 18 7.0 0.02479497 11.8 8.6 1.6
2160 18 6.8 0.029103968 15.16 8.5 1.7
2170 18 9.0 0.02770656 3.6 10.3 1.3
2180 18 6.7 0.026398325 11.809999999999999 8.7 2.0
2190 18 7.2 0.027510138 13.16 8.7 1.5
2200 18 6.8 0.026830237 6.36 8.6 1.8
2210 18 8.4 0.026708122 9.24 10.0 1.6
2220 18 7.4 0.025131471 13.440000000000001 9.1 1.7
2230 18 7.0 0.025383456 14.0 8.3 1.3
2240 18 7.5 0.026551371 20.05 9.7 2.2
2250 18 9.8 0.028915405 16.16 11.5 1.7
2260 18 8.4 0.029197387 9.040000000000001 9.2 0.8
2270 18 6.9 0.02894632 3.8899999999999997 9.1 2.2
2280 18 7.3 0.028254503 4.010000000000001 8.7 1.4
2290 18 8.3 0.025520034 1.2099999999999997 9.6 1.3
2300 18 7.8 0.02784868 13.559999999999999 9.3 1.5
2310 18 7.8 0.02747646 14.959999999999999 9.9 2.1
2320 18 6.2 0.026141053 14.16 7.8 1.6
2330 18 6.8 0.025752751 2.36 8.3 1.5
2340 18 6.7 0.028152911 6.21 9.7 3.0
2350 18 8.1 0.028091367 8.69 10.2 2.1
2360 18 5.2 0.028134365 12.760000000000002 7.8 2.6
2370 18 8.5 0.026373273 15.05 10.3 1.8
2380 18 10.0 0.026274001 6.4 11.5 1.5
2390 18 8.7 0.02829976 8.41 10.6 1.9
2400 18 7.5 0.027097944 14.25 8.8 1.3
2410 18 9.0 0.027241342 10.0 10.6 1.6
2420 18 8.0 0.028591556 9.2 9.8 1.8
2430 18 9.6 0.029131006 7.639999999999999 11.7 2.1
2440 18 8.1 0.029897833 6.09 10.0 1.9
2450 18 6.7 0.028067 13.01 9.8 3.1
2460 18 6.8 0.029332781 10.360000000000001 8.0 1.2
2470 18 9.0 0.027674604 19.2 11.3 2.3
2480 18 8.1 0.028815167 12.09 10.1 2.0
2490 18 9.0 0.031171847 15.6 11.1 2.1
2500 18 8.5 0.028410906 16.45 10.6 2.1
2510 18 8.6 0.029450022 15.84 10.5 1.9
2520 18 7.5 0.031447433 14.65 10.4 2.9
2530 18 9.5 0.031156931 15.45 11.7 2.2
2540 18 8.3 0.031097403 6.609999999999999 10.3 2.0
2550 18 9.2 0.027713934 11.16 11.4 2.2
2560 18 7.1 0.028618949 6.290000000000001 9.4 2.3
2570 18 6.1 0.03273475 3.2900000000000005 8.0 1.9
2580 18 10.5 0.030438548 7.65 11.8 1.3
2590 18 7.5 0.031959165 7.65 9.0 1.5
2600 18 7.0 0.029704895 10.6 8.5 1.5
2610 18 8.3 0.028480237 4.61 9.8 1.5
2620 18 6.8 0.027257398 11.56 9.1 2.3
2630 18 9.0 0.025003267 11.6 10.9 1.9
2640 18 8.7 0.026961155 6.409999999999999 10.4 1.7
2650 18 9.2 0.02700833 6.359999999999999 10.3 1.1
2660 18 8.9 0.026613327 9.690000000000001 11.2 2.3
2670 18 7.7 0.029688548 19.41 9.8 2.1
2680 18 7.7 0.03293002 12.810000000000002 10.1 2.4
2690 21 10.4 0.02952025 16.240000000000002 11.5 1.1
2700 21 7.4 0.03283926 18.040000000000003 9.5 2.1
2710 21 8.5 0.028867146 5.05 10.0 1.5
2720 21 5.8 0.027613092 8.96 7.8 2.0
2730 21 8.0 0.029005362 6.6 10.3 2.3
2740 21 8.6 0.028726174 21.840000000000003 10.3 1.7
2750 21 8.1 0.029832624 4.6899999999999995 9.7 1.6
2760 21 9.8 0.028720636 22.759999999999998 11.5 1.7
2770 21 9.1 0.03014278 12.490000000000002 11.0 1.9
2780 21 8.1 0.032977346 15.889999999999997 10.2 2.1
2790 21 7.2 0.030662267 26.159999999999997 9.2 2.0
2800 21 10.2 0.029953232 7.76 12.2 2.0
2810 21 6.9 0.031112893 13.490000000000004 9.1 2.2
2820 21 8.3 0.029835666 9.01 10.0 1.7
2830 21 8.3 0.030123701 5.01 9.6 1.3
2840 21 8.9 0.02864771 27.090000000000003 10.7 1.8
2850 21 7.9 0.03140357 15.689999999999998 10.0 2.1
2860 21 11.0 0.032955065 10.8 12.8 1.8
2870 21 8.3 0.029117648 9.01 10.3 2.0
2880 21 11.1 0.030504497 13.09 12.7 1.6
2890 21 8.2 0.031270247 11.76 10.6 2.4
2900 21 8.1 0.031817615 15.889999999999997 10.1 2.0
2910 21 9.3 0.029153703 14.610000000000003 11.7 2.4
2920 21 8.0 0.03325408 26.6 10.3 2.3
2930 21 9.7 0.033056416 15.01 11.4 1.7
2940 21 7.0 0.030912463 6.2 9.2 2.2
2950 21 7.8 0.03141296 12.959999999999999 9.6 1.8
2960 21 9.5 0.030297121 17.65 11.2 1.7
2970 21 8.8 0.029755196 17.76 10.8 2.0
2980 21 8.6 0.029622681 12.84 10.7 2.1
2990 21 9.0 0.029473724 8.8 11.1 2.1
3000 21 8.8 0.028217824 18.359999999999996 10.6 1.8
3010 21 7.9 0.02925786 10.690000000000001 9.6 1.7
3020 21 9.1 0.03041957 5.6899999999999995 10.9 1.8
3030 21 8.3 0.030544331 18.21 10.6 2.3
3040 21 9.5 0.028429814 6.45 10.5 1.0
3050 22 11.0 0.032480553 34.6 12.3 1.3
3060 22 8.4 0.03001398 11.64 10.4 2.0
3070 22 9.3 0.030691452 16.409999999999997 10.9 1.6
3080 22 7.1 0.0333673 26.089999999999996 9.3 2.2
3090 22 9.4 0.031544913 7.640000000000001 11.5 2.1
3100 22 6.8 0.029474795 9.16 8.8 2.0
3110 22 7.3 0.032335702 11.61 9.2 1.9
3120 22 8.3 0.02753309 4.210000000000001 10.8 2.5
3130 22 8.6 0.030355958 9.84 10.0 1.4
3140 22 10.4 0.028147073 12.24 11.7 1.3
3150 22 9.0 0.02646118 8.0 10.7 1.7
3160 22 6.7 0.028085174 7.610000000000001 8.7 2.0
3170 22 6.6 0.027530868 11.440000000000001 8.7 2.1
3180 22 10.8 0.027155144 10.559999999999999 12.4 1.6
3190 22 8.6 0.029623872 15.64 11.0 2.4
3200 22 7.6 0.028986638 14.440000000000001 9.6 2.0
3210 22 9.3 0.029605916 30.01 11.7 2.4
3220 22 8.3 0.028531026 23.21 10.3 2.0
3230 22 10.1 0.031810794 17.29 11.7 1.6
3240 22 10.6 0.03330061 7.44 12.1 1.5
3250 22 9.6 0.029946584 13.24 11.2 1.6
3260 22 10.5 0.031181075 12.65 12.2 1.7
3270 22 9.7 0.032841645 11.809999999999999 11.0 1.3
3280 22 9.5 0.03388118 10.45 11.4 1.9
3290 22 11.8 0.031225007 12.36 12.8 1.0
3300 22 9.6 0.031673204 9.440000000000001 11.4 1.8
3310 22 12.6 0.03085074 17.04 14.1 1.5
3320 22 10.1 0.03307506 16.490000000000002 12.2 2.1
3330 22 7.6 0.03578629 18.44 9.8 2.2
3340 22 7.2 0.029327253 7.160000000000001 10.3 3.1
3350 22 9.9 0.03247893 9.49 11.6 1.7
3360 22 8.7 0.03184677 6.609999999999999 11.4 2.7
3370 22 8.8 0.030689023 4.359999999999999 10.7 1.9
3380 22 8.5 0.03210184 8.85 10.4 1.9
3390 22 7.2 0.030978546 19.759999999999998 9.4 2.2
3400 22 8.8 0.030054925 5.159999999999999 9.6 0.8
3410 22 7.5 0.0279947 7.65 9.4 1.9
3420 22 10.4 0.02854175 10.040000000000001 11.9 1.5
3430 22 11.1 0.027316587 14.089999999999998 13.3 2.2
3440 22 9.6 0.03222078 17.440000000000005 11.5 1.9
3450 22 8.1 0.032543484 9.49 10.2 2.1
3460 22 9.7 0.028273003 24.810000000000002 10.8 1.1
3470 22 9.4 0.031923328 6.44 11.6 2.2
3480 22 9.5 0.033017673 3.45 11.2 1.7
3490 22 9.1 0.0313149 5.29 11.0 1.9
3500 22 9.0 0.027934253 12.6 10.8 1.8
3510 22 9.1 0.030285375 10.09 11.4 2.3
3520 22 8.6 0.029578215 11.24 10.7 2.1
3530 22 7.8 0.03138281 8.56 10.5 2.7
3540 22 7.1 0.027612062 6.69 8.9 1.8
3550 22 9.0 0.029632658 14.4 11.4 2.4
3560 22 9.2 0.030034775 16.360000000000003 11.4 2.2
3570 22 9.9 0.032780517 15.09 11.3 1.4
3580 22 10.0 0.03260983 6.0 11.7 1.7
3590 22 11.9 0.030277481 10.889999999999999 13.8 1.9
3600 22 7.7 0.032179568 16.21 10.2 2.5
3610 22 9.2 0.032831237 25.36 11.6 2.4
3620 22 9.6 0.032917246 18.04 11.2 1.6
3630 22 9.5 0.03279262 11.85 11.3 1.8
3640 22 11.2 0.033961963 13.16 13.2 2.0
3650 22 9.3 0.033620816 11.41 11.6 2.3
3660 22 10.1 0.033515614 18.29 12.2 2.1
3670 22 11.0 0.03684993 14.2 13.3 2.3
3680 22 8.5 0.029657912 12.65 10.7 2.2
3690 22 9.1 0.030028641 11.09 11.0 1.9
3700 22 6.8 0.030039076 14.160000000000002 9.4 2.6
3710 22 11.5 0.03188621 4.05 12.7 1.2
3720 22 8.5 0.029299466 7.25 10.3 1.8
3730 22 9.1 0.03120385 3.4900000000000007 11.0 1.9
3740 22 8.1 0.02914306 10.489999999999998 9.8 1.7
3750 22 10.6 0.028812831 3.44 12.6 2.0
3760 22 9.6 0.030476926 11.84 11.6 2.0
3770 22 10.0 0.031248303 13.8 12.3 2.3
3780 22 10.1 0.02883776 14.490000000000004 11.5 1.4
3790 22 6.8 0.03263724 22.76 9.7 2.9
3800 22 9.5 0.031171817 16.45 12.1 2.6
3810 22 10.6 0.035848852 15.64 12.7 2.1
3820 22 9.5 0.031688254 5.25 11.2 1.7
3830 22 8.9 0.03216404 14.489999999999998 11.1 2.2
3840 22 10.7 0.03408423 20.009999999999998 13.3 2.6
3850 22 9.0 0.033802267 4.8 11.4 2.4
3860 22 7.6 0.034489766 5.4399999999999995 10.5 2.9
3870 22 8.4 0.03319096 14.440000000000001 11.8 3.4
3880 22 11.1 0.036918603 14.689999999999998 12.5 1.4
3890 22 9.8 0.03281508 14.559999999999999 11.8 2.0
3900 22 10.8 0.03543564 14.559999999999999 13.0 2.2
3910 22 10.5 0.03271533 19.25 12.1 1.6
3920 22 8.9 0.033426665 12.290000000000001 10.6 1.7
3930 22 9.3 0.03322987 11.41 11.5 2.2
3940 22 7.8 0.030629387 4.96 10.5 2.7
3950 22 8.6 0.037030622 4.44 10.9 2.3
3960 22 12.0 0.032517746 16.0 13.3 1.3
3970 22 12.4 0.031656362 14.24 13.1 0.7
3980 22 10.3 0.03161041 8.809999999999999 12.7 2.4
3990 22 9.4 0.030155491 12.440000000000001 11.6 2.2
4000 22 11.4 0.034238763 8.44 13.4 2.0
