GAME_NUMBER Max_Score mavg_score mavg_loss var_score mavg_food mavg_poison 
10 4 0.6 0.017355422 2.8399999999999994 1.8 1.2
20 4 0.3 0.015466814 1.8099999999999998 1.7 1.4
30 4 -0.3 0.015691923 1.81 1.5 1.8
40 4 0.2 0.015460208 1.9600000000000002 1.4 1.2
50 5 1.3 0.01576085 4.01 2.3 1.0
60 5 -0.4 0.015642615 2.24 2.2 2.6
70 5 1.1 0.01596812 4.49 2.7 1.6
80 5 0.3 0.016346993 3.6100000000000008 2.5 2.2
90 5 0.2 0.016314007 2.16 2.2 2.0
100 5 0.6 0.01703692 1.8400000000000003 2.7 2.1
110 5 -1.1 0.01698883 3.4899999999999998 1.4 2.5
120 5 0.6 0.017308267 2.04 2.2 1.6
130 5 0.3 0.016922578 4.409999999999999 2.3 2.0
140 5 -0.4 0.016851457 3.839999999999999 2.5 2.9
150 5 0.0 0.016815376 3.4 1.8 1.8
160 5 -1.2 0.016931426 0.9599999999999997 1.5 2.7
170 5 0.3 0.016871596 1.61 1.9 1.6
180 5 -0.6 0.016648732 4.84 2.2 2.8
190 5 0.0 0.016896123 4.8 1.9 1.9
200 5 1.3 0.016805092 5.01 3.0 1.7
210 6 0.9 0.017580634 6.6899999999999995 3.8 2.9
220 6 0.5 0.017523356 2.05 3.4 2.9
230 6 0.9 0.017925385 2.69 1.9 1.0
240 6 -1.1 0.017705297 3.8899999999999997 2.9 4.0
250 8 2.1 0.019031161 8.09 5.9 3.8
260 8 2.1 0.019428747 5.290000000000001 5.6 3.5
270 8 -0.5 0.021559628 10.05 6.2 6.7
280 8 -0.8 0.022719108 3.5599999999999996 5.9 6.7
290 8 -0.8 0.024549479 4.16 4.8 5.6
300 8 -2.7 0.025704874 9.41 4.7 7.4
310 8 0.5 0.02630616 13.25 5.5 5.0
320 8 0.6 0.027635543 6.840000000000002 6.5 5.9
330 8 -1.1 0.02815484 17.089999999999996 5.3 6.4
340 8 -2.0 0.028063564 3.0 4.5 6.5
350 8 0.1 0.026771693 12.09 7.2 7.1
360 8 0.4 0.028463455 3.84 3.5 3.1
370 8 -0.4 0.02656936 11.239999999999998 4.2 4.6
380 8 -0.4 0.027754199 10.040000000000001 4.7 5.1
390 8 0.2 0.026074495 11.76 5.3 5.1
400 8 0.9 0.025871884 11.09 6.0 5.1
410 8 0.2 0.02711791 4.5600000000000005 5.2 5.0
420 8 0.9 0.025761893 8.09 4.9 4.0
430 8 0.8 0.02617095 17.36 5.3 4.5
440 8 -0.1 0.025712265 19.490000000000002 5.0 5.1
450 8 -0.1 0.025904002 9.290000000000001 5.4 5.5
460 8 0.1 0.025707925 12.290000000000001 5.4 5.3
470 8 0.7 0.024402704 18.81 6.8 6.1
480 8 1.4 0.025178842 11.04 7.0 5.6
490 8 -1.9 0.026403574 3.4900000000000007 3.7 5.6
500 8 0.6 0.026273645 8.44 5.3 4.7
510 8 0.7 0.028275643 6.81 6.0 5.3
520 8 -1.1 0.02844079 10.89 6.1 7.2
530 8 -0.1 0.02745815 7.69 5.5 5.6
540 8 1.6 0.029165363 11.239999999999998 5.3 3.7
550 8 0.7 0.024911927 4.61 4.5 3.8
560 8 0.8 0.026391208 3.7600000000000007 4.7 3.9
570 8 0.2 0.025662202 7.360000000000001 5.2 5.0
580 8 1.0 0.024651803 10.2 5.9 4.9
590 8 -0.1 0.023849702 6.69 5.1 5.2
600 8 -0.6 0.023231179 3.84 4.1 4.7
610 8 -1.1 0.024049798 8.69 3.1 4.2
620 8 1.1 0.022829296 7.090000000000001 5.4 4.3
630 8 0.3 0.023275279 5.21 5.6 5.3
640 8 0.6 0.02407681 8.24 5.8 5.2
650 8 -0.7 0.02368576 8.81 4.7 5.4
660 8 -0.9 0.024251534 14.290000000000001 4.7 5.6
670 8 -0.1 0.02587283 11.889999999999999 5.8 5.9
680 8 -1.6 0.026314484 8.440000000000001 5.0 6.6
690 8 -0.5 0.025652826 3.65 5.1 5.6
700 8 -0.1 0.02574343 8.09 5.0 5.1
710 9 0.2 0.026923314 15.160000000000002 5.8 5.6
720 9 -1.0 0.026900254 7.0 6.4 7.4
730 9 -0.2 0.028187517 4.76 6.6 6.8
740 9 -0.1 0.027769007 6.090000000000001 5.4 5.5
750 9 0.4 0.028981758 17.04 7.0 6.6
760 9 0.9 0.027752336 11.89 5.8 4.9
770 9 1.5 0.028398136 4.85 5.2 3.7
780 9 -1.4 0.030334769 6.839999999999999 5.4 6.8
790 9 0.1 0.02699552 5.290000000000001 5.4 5.3
800 9 0.7 0.028286088 25.610000000000003 7.4 6.7
810 9 -0.2 0.028411424 6.76 5.8 6.0
820 9 1.2 0.026922243 4.76 7.5 6.3
830 9 -0.4 0.027569793 11.64 5.7 6.1
840 9 -0.9 0.027767442 10.489999999999998 6.9 7.8
850 9 0.6 0.030258108 7.639999999999998 6.7 6.1
860 9 1.5 0.03132301 20.85 8.5 7.0
870 9 -0.7 0.029546019 5.21 5.1 5.8
880 9 -0.1 0.031435486 24.29 6.3 6.4
890 9 -0.4 0.02878289 4.84 7.0 7.4
900 11 0.2 0.03248792 22.56 7.7 7.5
910 11 0.2 0.030107277 5.96 5.9 5.7
920 11 -0.8 0.030720247 26.160000000000004 6.7 7.5
930 11 0.6 0.031045832 8.040000000000001 6.0 5.4
940 11 -1.1 0.029210748 7.49 5.6 6.7
950 11 -0.3 0.0316941 7.01 5.9 6.2
960 11 -1.3 0.031563662 8.81 5.1 6.4
970 11 -2.5 0.028746465 4.65 4.8 7.3
980 11 0.6 0.028083257 12.24 6.7 6.1
990 11 1.3 0.029066104 9.61 6.8 5.5
1000 11 0.6 0.029393822 7.840000000000001 7.3 6.7
1010 11 1.0 0.030121097 8.4 7.1 6.1
1020 11 -1.7 0.029132448 21.609999999999996 6.9 8.6
1030 11 0.2 0.031221332 5.76 5.6 5.4
1040 11 -0.1 0.029951159 17.29 6.5 6.6
1050 11 -2.4 0.029026117 9.44 4.8 7.2
1060 11 1.9 0.02944706 6.69 6.7 4.8
1070 11 -0.4 0.028858017 11.040000000000001 5.2 5.6
1080 11 -0.2 0.027817465 17.96 5.4 5.6
1090 11 -0.3 0.026096752 19.61 5.9 6.2
1100 11 -1.9 0.028820032 4.289999999999999 4.5 6.4
1110 11 1.4 0.028221244 5.4399999999999995 7.1 5.7
1120 11 -0.6 0.028104737 3.6399999999999997 5.3 5.9
1130 11 -0.3 0.02719279 7.410000000000001 5.4 5.7
1140 11 -0.9 0.026219698 5.290000000000001 5.2 6.1
1150 11 -0.2 0.029549086 8.160000000000002 7.3 7.5
1160 11 -0.3 0.027912058 20.61 6.4 6.7
1170 11 0.0 0.028718593 14.8 6.1 6.1
1180 11 -0.7 0.0296491 14.41 6.3 7.0
1190 11 1.2 0.02909121 4.96 6.5 5.3
1200 11 -2.7 0.029027173 11.610000000000001 4.3 7.0
1210 11 -0.4 0.027951406 12.440000000000001 5.8 6.2
1220 11 -0.3 0.03065035 7.01 6.3 6.6
1230 11 0.1 0.027042631 13.89 5.6 5.5
1240 11 1.1 0.028715407 12.090000000000002 6.5 5.4
1250 11 -0.1 0.028466072 11.890000000000002 5.7 5.8
1260 11 1.6 0.028825652 10.64 7.3 5.7
1270 11 2.1 0.028140364 10.290000000000001 6.7 4.6
1280 11 1.0 0.027478255 10.0 6.7 5.7
1290 11 0.3 0.027731845 4.41 5.2 4.9
1300 11 1.0 0.02855027 12.0 7.1 6.1
1310 11 -1.0 0.02807744 6.0 5.1 6.1
1320 11 -1.1 0.027143626 11.689999999999998 4.6 5.7
1330 11 0.8 0.02709917 12.16 7.3 6.5
1340 11 -1.0 0.02762504 17.2 6.7 7.7
1350 11 0.1 0.029134076 9.690000000000001 5.3 5.2
1360 11 -0.3 0.028218882 1.4100000000000001 6.7 7.0
1370 11 0.7 0.028331501 9.41 6.8 6.1
1380 11 -2.1 0.030354112 5.6899999999999995 5.5 7.6
1390 11 -0.1 0.02938283 12.29 6.0 6.1
1400 12 0.9 0.03031325 25.09 6.9 6.0
1410 12 -1.9 0.028726565 8.89 5.1 7.0
1420 12 -1.4 0.02713081 5.4399999999999995 5.2 6.6
1430 12 0.2 0.028174981 12.16 6.7 6.5
1440 12 1.0 0.028930884 13.0 7.7 6.7
1450 12 1.3 0.029121133 7.81 7.0 5.7
1460 12 -0.5 0.0301516 17.45 6.6 7.1
1470 12 -0.1 0.03039985 9.690000000000001 6.2 6.3
1480 12 -0.2 0.029438794 8.560000000000002 6.4 6.6
1490 12 -0.9 0.03144984 10.889999999999999 6.6 7.5
1500 12 0.2 0.029749788 16.36 7.2 7.0
1510 12 -0.9 0.032004338 14.290000000000001 6.3 7.2
1520 12 -0.6 0.032465644 10.239999999999998 5.9 6.5
1530 12 0.9 0.029882252 15.89 7.0 6.1
1540 12 0.3 0.03264578 25.21 5.2 4.9
1550 12 0.1 0.028483773 8.290000000000001 6.3 6.2
1560 12 0.7 0.029656308 12.61 6.8 6.1
1570 12 0.2 0.029083181 11.760000000000002 6.1 5.9
1580 12 -0.4 0.028733183 8.24 6.3 6.7
1590 12 0.8 0.02873328 3.1599999999999997 6.3 5.5
1600 12 -2.6 0.02907526 9.24 5.8 8.4
1610 12 0.5 0.02896691 12.65 5.8 5.3
1620 12 0.7 0.0277746 9.21 5.9 5.2
1630 12 0.3 0.027405657 13.809999999999999 5.5 5.2
1640 12 0.2 0.0276449 6.360000000000001 5.1 4.9
1650 12 0.3 0.027510567 3.6100000000000003 6.6 6.3
1660 12 -1.1 0.027747333 12.490000000000002 5.8 6.9
1670 12 2.2 0.026711427 7.359999999999999 7.2 5.0
1680 12 0.2 0.028055267 7.359999999999999 6.0 5.8
1690 12 0.7 0.02799139 9.21 8.0 7.3
1700 12 1.1 0.029221939 2.29 7.1 6.0
1710 12 0.3 0.02970576 9.61 7.6 7.3
1720 12 0.6 0.029560696 8.64 6.5 5.9
1730 12 -0.9 0.030265512 10.69 5.1 6.0
1740 12 0.1 0.029468056 4.890000000000001 6.3 6.2
1750 12 2.2 0.028265737 17.759999999999998 7.6 5.4
1760 12 0.0 0.027854051 6.8 6.2 6.2
1770 12 -0.1 0.028856538 4.890000000000001 4.9 5.0
1780 12 -0.6 0.026477525 19.04 6.5 7.1
1790 12 0.7 0.028043346 6.410000000000001 5.3 4.6
1800 12 -0.4 0.026305094 11.040000000000003 6.1 6.5
1810 12 0.1 0.027456881 13.290000000000001 6.6 6.5
1820 12 -0.8 0.028288435 6.5600000000000005 5.4 6.2
1830 12 -0.7 0.028124576 11.61 5.7 6.4
1840 12 1.5 0.027632784 7.45 6.4 4.9
1850 12 -1.2 0.027920175 18.160000000000004 7.1 8.3
1860 12 0.1 0.029309992 10.89 5.0 4.9
1870 12 -1.2 0.02808808 5.96 6.6 7.8
1880 12 1.8 0.029448874 1.3600000000000003 4.6 2.8
1890 12 -0.3 0.02757803 3.21 6.3 6.6
1900 12 -0.9 0.027692107 3.0900000000000007 4.2 5.1
1910 12 0.1 0.027888369 15.89 5.4 5.3
1920 12 0.4 0.02687533 2.04 5.6 5.2
1930 12 1.0 0.027335122 6.6 5.8 4.8
1940 12 1.9 0.027114265 9.69 5.9 4.0
1950 12 1.0 0.02553431 6.4 6.1 5.1
1960 12 -0.3 0.02557689 9.81 7.1 7.4
1970 12 1.0 0.026071733 16.8 6.9 5.9
1980 12 0.7 0.029404812 10.209999999999999 6.3 5.6
1990 12 0.0 0.027125778 4.2 6.0 6.0
2000 12 -1.4 0.027619552 14.040000000000001 5.4 6.8
2010 12 -1.3 0.027713502 19.81 4.9 6.2
2020 12 -0.6 0.02817433 4.44 5.8 6.4
2030 12 -1.4 0.026613086 4.640000000000001 4.2 5.6
2040 12 0.3 0.027491543 12.01 6.3 6.0
2050 12 -0.2 0.026323704 2.9600000000000004 5.8 6.0
2060 12 0.3 0.028182354 10.809999999999999 5.7 5.4
2070 12 -1.3 0.02683747 5.01 5.0 6.3
2080 12 -0.8 0.026949055 14.560000000000002 6.0 6.8
2090 12 -0.1 0.028030153 4.09 6.2 6.3
2100 12 0.4 0.0298545 18.24 6.7 6.3
2110 12 0.5 0.028587304 15.05 6.4 5.9
2120 12 0.8 0.027339134 19.16 8.1 7.3
2130 12 -1.2 0.028949391 18.16 4.8 6.0
2140 12 1.0 0.027695553 14.4 7.0 6.0
2150 12 -0.1 0.02947008 14.490000000000004 6.0 6.1
2160 12 -0.8 0.029578853 7.76 5.5 6.3
2170 12 0.0 0.026883088 12.4 6.6 6.6
2180 12 0.6 0.0285934 10.64 7.3 6.7
2190 12 0.3 0.028595721 6.209999999999999 5.4 5.1
2200 12 0.0 0.02827607 4.2 5.6 5.6
2210 12 0.0 0.027610753 12.0 6.6 6.6
2220 12 -0.5 0.027944583 18.05 5.7 6.2
2230 12 -1.3 0.027932059 5.41 4.9 6.2
2240 12 1.7 0.027411187 16.21 6.1 4.4
2250 12 -0.6 0.028000176 5.64 4.8 5.4
2260 12 0.9 0.027687946 16.490000000000002 6.0 5.1
2270 12 2.0 0.028047318 18.0 8.0 6.0
2280 12 -2.4 0.027452653 16.04 4.0 6.4
2290 12 0.7 0.027927361 23.410000000000004 6.0 5.3
2300 12 0.7 0.02734252 16.610000000000003 6.6 5.9
2310 12 -0.7 0.029884811 12.61 6.2 6.9
2320 12 -0.8 0.02790053 11.360000000000001 5.4 6.2
2330 12 -0.5 0.029552339 13.45 6.5 7.0
2340 12 1.1 0.03052981 6.49 6.6 5.5
2350 12 0.0 0.028943418 10.2 6.5 6.5
2360 12 -0.5 0.030173728 11.05 5.4 5.9
2370 12 -0.6 0.028823402 13.64 5.7 6.3
2380 12 -0.5 0.028085439 13.05 5.1 5.6
2390 12 1.0 0.029238202 6.2 5.6 4.6
2400 12 1.0 0.027174186 9.6 7.4 6.4
2410 12 2.9 0.028818512 5.890000000000001 7.9 5.0
2420 12 0.5 0.027783897 7.65 6.4 5.9
2430 12 1.1 0.028021483 11.089999999999998 7.1 6.0
2440 12 2.8 0.026602589 5.960000000000001 7.9 5.1
2450 12 1.3 0.027888712 14.610000000000003 6.0 4.7
2460 12 -0.5 0.028967192 12.45 5.8 6.3
2470 12 -1.0 0.028707616 21.6 5.9 6.9
2480 12 -0.6 0.026834205 10.84 5.7 6.3
2490 12 0.1 0.029421888 19.89 6.1 6.0
2500 12 -1.0 0.029219348 9.6 5.4 6.4
2510 12 -1.3 0.029039256 9.809999999999999 5.6 6.9
2520 12 0.2 0.029469058 16.560000000000002 7.3 7.1
2530 12 0.5 0.028281584 5.25 6.0 5.5
2540 12 0.8 0.02790438 12.760000000000002 6.7 5.9
2550 12 -1.4 0.030067202 15.440000000000001 5.1 6.5
2560 12 -0.1 0.029264737 7.889999999999999 5.8 5.9
2570 12 0.6 0.027769431 4.04 5.2 4.6
2580 12 0.6 0.027532676 5.840000000000001 6.6 6.0
2590 12 1.1 0.02768799 8.290000000000001 6.8 5.7
2600 12 -1.4 0.026468368 16.640000000000004 5.0 6.4
2610 12 -0.3 0.028256206 4.609999999999999 4.9 5.2
2620 12 0.2 0.027406232 9.959999999999999 6.2 6.0
2630 12 1.0 0.02736934 13.0 6.8 5.8
2640 12 -0.1 0.028825633 12.89 5.2 5.3
2650 12 -0.6 0.027952438 20.64 5.7 6.3
2660 12 0.0 0.026408797 6.0 4.2 4.2
2670 12 -0.4 0.02589932 4.640000000000001 5.8 6.2
2680 12 -0.3 0.025855077 6.8100000000000005 5.6 5.9
2690 12 -2.4 0.02754453 5.44 3.9 6.3
2700 12 0.8 0.027579898 8.360000000000001 7.0 6.2
2710 12 0.0 0.02652922 4.4 6.4 6.4
2720 12 -0.9 0.025821917 8.49 5.7 6.6
2730 12 -0.2 0.027244816 10.360000000000001 6.3 6.5
2740 12 -0.8 0.028505713 10.56 5.2 6.0
2750 12 -0.3 0.02708978 28.410000000000004 5.6 5.9
2760 12 -0.8 0.027837532 15.36 4.6 5.4
2770 12 -1.0 0.029235853 6.6 4.8 5.8
2780 12 0.5 0.026207399 16.45 6.4 5.9
2790 12 -1.7 0.026645305 4.21 3.7 5.4
2800 12 -1.0 0.025416799 8.6 4.5 5.5
2810 12 -1.5 0.025671076 9.85 3.9 5.4
2820 12 -0.1 0.025365254 11.889999999999999 4.9 5.0
2830 12 0.6 0.024653679 13.84 6.1 5.5
2840 12 0.8 0.024753023 10.959999999999999 5.7 4.9
2850 12 0.6 0.025450634 5.239999999999999 5.6 5.0
2860 12 0.8 0.025978744 13.76 7.1 6.3
2870 12 -2.6 0.02646837 4.4399999999999995 4.8 7.4
2880 12 0.8 0.027369788 12.16 5.7 4.9
2890 12 1.4 0.027155958 9.040000000000001 6.2 4.8
2900 12 -1.6 0.026731815 18.240000000000002 4.1 5.7
2910 12 -0.3 0.02803084 10.409999999999998 5.4 5.7
2920 12 1.6 0.025570076 10.64 7.0 5.4
2930 12 -0.7 0.026575426 12.210000000000003 5.5 6.2
2940 12 -1.6 0.026689097 6.04 4.7 6.3
2950 12 -0.5 0.027523858 8.85 6.0 6.5
2960 12 0.3 0.02913735 8.21 5.7 5.4
2970 12 -2.6 0.027898064 7.24 4.3 6.9
2980 12 -0.5 0.026648397 13.25 4.7 5.2
2990 12 -0.9 0.026812064 1.89 4.9 5.8
3000 12 -0.3 0.026357768 26.21 5.1 5.4
3010 12 0.2 0.025902992 5.76 5.6 5.4
3020 12 -1.6 0.0266892 4.440000000000001 4.1 5.7
3030 12 -0.7 0.02482008 2.81 3.5 4.2
3040 12 0.5 0.024709152 10.65 4.8 4.3
3050 12 0.3 0.024378018 13.01 4.8 4.5
3060 12 -0.4 0.023854733 2.24 4.4 4.8
3070 12 -0.2 0.024072003 7.359999999999999 4.9 5.1
3080 12 -0.6 0.02454765 8.440000000000001 5.8 6.4
3090 12 2.1 0.024626028 5.889999999999999 6.9 4.8
3100 12 -0.3 0.02581295 5.41 5.5 5.8
3110 12 -1.5 0.026958434 1.85 5.3 6.8
3120 12 0.3 0.025793858 4.41 5.5 5.2
3130 12 -0.9 0.026517993 9.29 5.3 6.2
3140 12 1.6 0.02763503 9.24 8.0 6.4
3150 12 1.0 0.026802575 7.6 6.6 5.6
3160 12 -2.1 0.027206087 9.09 4.1 6.2
3170 12 1.0 0.028411316 6.0 6.1 5.1
3180 12 0.3 0.02891174 7.410000000000001 4.9 4.6
3190 12 -3.3 0.026208786 3.81 4.3 7.6
3200 12 0.1 0.028239906 18.290000000000003 5.7 5.6
3210 12 -0.2 0.026588365 3.3600000000000003 4.5 4.7
3220 12 1.1 0.025019214 7.69 6.2 5.1
3230 12 0.6 0.027292067 15.440000000000001 5.3 4.7
3240 12 1.0 0.024489326 11.4 5.8 4.8
3250 12 0.0 0.025476791 6.2 5.5 5.5
3260 12 -0.9 0.025260963 12.49 4.7 5.6
3270 12 -1.1 0.024977455 4.49 5.3 6.4
3280 12 -0.5 0.02603858 9.45 5.6 6.1
3290 12 1.4 0.025284292 14.24 7.2 5.8
3300 12 -1.1 0.026914543 2.49 5.6 6.7
3310 12 0.4 0.02722086 21.84 7.2 6.8
3320 12 0.4 0.027358526 11.44 5.5 5.1
3330 12 0.5 0.026415195 7.05 5.6 5.1
3340 12 0.0 0.027165862 20.0 6.4 6.4
3350 12 -0.8 0.028371092 6.5600000000000005 5.2 6.0
3360 12 1.0 0.027720056 4.4 5.2 4.2
3370 12 -0.4 0.026028572 11.040000000000001 6.0 6.4
3380 12 1.0 0.02634089 8.8 5.0 4.0
3390 12 -0.2 0.026367692 5.960000000000001 5.8 6.0
3400 12 -0.6 0.02786246 12.04 5.0 5.6
3410 12 0.7 0.027188957 22.61 6.1 5.4
3420 12 1.5 0.024334498 6.85 5.3 3.8
3430 12 -1.7 0.026443064 13.610000000000003 4.5 6.2
3440 12 -0.4 0.025512712 18.44 5.5 5.9
3450 12 -2.1 0.025728153 15.290000000000001 3.8 5.9
3460 12 -0.7 0.025425928 5.41 3.9 4.6
3470 12 -0.2 0.025365243 10.559999999999999 4.6 4.8
3480 12 1.3 0.024288245 14.41 5.9 4.6
3490 12 0.2 0.025149388 7.359999999999999 5.7 5.5
3500 12 -0.8 0.024325991 6.16 4.3 5.1
3510 12 0.9 0.023654621 9.29 5.5 4.6
3520 12 -0.7 0.024384178 13.61 5.7 6.4
3530 12 0.2 0.02498147 15.759999999999996 6.5 6.3
3540 12 0.3 0.025043488 6.81 6.3 6.0
3550 12 0.4 0.02694458 1.8399999999999999 4.7 4.3
3560 12 1.7 0.024907172 5.8100000000000005 5.4 3.7
3570 12 0.9 0.024746856 4.6899999999999995 5.4 4.5
3580 12 -0.1 0.02543706 4.49 5.0 5.1
3590 12 -0.1 0.02524555 8.09 6.0 6.1
3600 12 0.5 0.02517347 10.65 6.2 5.7
3610 12 -0.4 0.024620501 18.04 6.1 6.5
3620 12 1.0 0.025398629 9.0 6.2 5.2
3630 12 -1.1 0.026867894 5.6899999999999995 5.6 6.7
3640 12 1.3 0.026418205 2.61 6.5 5.2
3650 12 2.3 0.029092578 4.609999999999999 6.4 4.1
3660 12 -1.5 0.026631234 6.65 5.1 6.6
3670 12 -1.9 0.025305385 8.09 4.4 6.3
3680 12 -0.8 0.026069386 9.760000000000002 5.6 6.4
3690 12 -0.4 0.026477017 9.240000000000002 5.0 5.4
3700 12 0.2 0.026724897 11.760000000000002 6.1 5.9
3710 12 -1.1 0.026153175 4.09 6.1 7.2
3720 12 -1.2 0.02715505 23.159999999999997 5.1 6.3
3730 13 2.4 0.028315159 17.240000000000002 7.7 5.3
3740 13 0.0 0.027709566 9.6 5.6 5.6
3750 13 1.3 0.028018039 13.410000000000002 7.2 5.9
3760 13 -1.1 0.0296009 5.890000000000001 5.7 6.8
3770 13 -0.4 0.028175902 3.44 6.7 7.1
3780 13 0.1 0.028905163 7.69 6.0 5.9
3790 13 0.3 0.029162934 4.8100000000000005 6.5 6.2
3800 13 -1.1 0.029649384 12.89 6.0 7.1
3810 13 -0.1 0.029058851 10.09 6.4 6.5
3820 13 0.7 0.028712772 4.21 6.8 6.1
3830 13 -0.9 0.02727288 10.889999999999999 5.4 6.3
3840 13 -0.4 0.027746368 7.640000000000001 5.6 6.0
3850 13 0.7 0.026770534 10.21 6.7 6.0
3860 13 1.7 0.02926843 12.010000000000002 7.3 5.6
3870 13 -1.2 0.02935889 6.56 3.7 4.9
3880 13 -0.1 0.026903158 14.09 4.8 4.9
3890 13 0.4 0.027877731 9.040000000000001 6.2 5.8
3900 13 0.5 0.027831662 17.65 6.0 5.5
3910 13 -0.9 0.027001075 6.090000000000001 6.2 7.1
3920 13 0.4 0.027864613 4.4399999999999995 5.9 5.5
3930 13 0.4 0.02677581 7.040000000000001 6.2 5.8
3940 13 -1.5 0.030025464 15.85 5.5 7.0
3950 13 0.4 0.02917256 27.839999999999996 6.2 5.8
3960 13 2.2 0.028551858 21.16 6.8 4.6
3970 13 -0.9 0.027908582 5.89 5.2 6.1
3980 13 1.2 0.027136192 5.960000000000001 6.0 4.8
3990 13 0.6 0.02662267 4.840000000000001 6.8 6.2
4000 13 0.9 0.028349075 7.489999999999999 7.1 6.2
GAME_NUMBER Max_Score mavg_score mavg_loss var_score mavg_food mavg_poison 
GAME_NUMBER Max_Score mavg_score mavg_loss var_score mavg_food mavg_poison 
